$OR;D2 
* From-Time  To-Time 
08.00 9.00 
* Factor 
1.00
783176708 9162004 502
783095006 9162119 453
554321029 9162119 271
586900421 9162010 395
784358748 9162010 348
783176672 9162009 215
819400248 9162004 311
783176672 9162012 316
774028738 9184018 318
783176708 9162115 150
783176708 9162119 175
586888382 9162009 169
784358748 9162012 268
783176672 9162010 289
9184018 774028738 113
783095006 9162004 101
783095006 9162115 151
586900421 9162012 180
783176708 9162103 180
783095006 9162034 95
819400248 9162009 146
9162119 783095006 136
784358748 9162009 116
586900421 9162009 107
783176672 9162042 95
554321029 9184018 92
783176708 9162009 96
774028738 9162119 74
783176672 9162103 61
783176708 9162113 194
586888382 9162004 34
819400248 9162103 159
783176672 9162040 120
554321029 9162030 190
586900421 9162016 198
783176672 9162004 195
9162010 586900421 73
9162010 783176672 81
9162001 9162004 132
9162030 554321029 53
783176708 9162066 143
586900421 586888382 72
9162012 783176672 122
586888382 9162012 166
819400248 9162012 100
783095006 9162030 128
783176708 9162001 118
586900421 783176672 97
586900421 9162107 141
9162009 586888382 69
9162030 9162119 113
9184005 774028738 126
783176708 783095006 53
784358748 9162107 88
586900421 9184003 209
9162010 784358748 137
783176708 9162102 96
9184018 9162119 104
9162016 586900421 106
9162001 586888382 61
554321029 9162115 67
774028738 9162026 114
774028738 9184024 158
9162115 9162004 22
819400248 9162001 97
52814612 9162019 145
783176672 9162113 40
819400248 9162113 103
554321029 9162026 57
9162030 783095006 61
9162119 554321029 41
9162119 9162004 95
9162001 783176708 57
774028738 9162024 91
774028738 783095006 54
774028738 52814612 34
783176672 9162066 74
554321029 9162034 71
783176708 9162012 56
783176708 9162040 46
783176708 9162068 5
9162081 9162119 110
9162010 9162012 89
9162119 9162115 115
774028738 9162158 72
783176708 9162064 96
586900421 9162042 121
9184005 9162119 145
9184018 9162026 51
9162040 586888382 41
9162113 783176708 144
9162113 9162004 77
586888382 9162010 71
586888382 9162103 58
52814612 9162024 152
783095006 783176708 97
9184024 774028738 62
9162001 819400248 35
9162016 9162010 137
9162009 783176672 90
9162016 784358748 78
9162012 586888382 117
586888382 9162040 66
9162040 9162004 96
9162012 9162009 105
554321029 783176708 49
52814612 9162004 34
783176708 9162077 202
586900421 9162024 46
9184003 586900421 88
9184005 9184018 135
9184024 9184018 100
9162021 9162009 1
9162022 784358748 18
9162022 52814612 39
9162012 784358748 89
783176708 9162034 19
52814612 9184018 74
52814612 9162022 233
783176672 9162107 102
783095006 9162032 47
9162009 9162012 34
9162004 783176708 154
9162035 9162004 26
9162032 9162119 63
9162016 9162012 71
9162158 52814612 45
9162001 9162009 45
9162103 783176708 55
52814612 9162158 118
52814612 9162160 19
52814612 9162009 24
783176708 9162042 73
783176708 9162007 185
783176708 9162038 80
784358748 9162042 94
784358748 9162016 111
9184018 9162028 43
9162022 9162010 23
9162102 783176708 227
9162016 52814612 27
9162009 9162004 95
9162040 783176672 21
9162158 9162004 39
9162081 783095006 0
9162115 9162119 67
9162103 819400248 18
9162024 774028738 32
586888382 9162042 42
783176708 9162037 45
783176672 9162021 70
52814612 9162016 210
783095006 9162071 13
783095006 9162066 46
554321029 774028738 38
783176708 9162160 29
586900421 9162021 129
9184005 554321029 83
9162030 9184018 60
9162016 783176672 55
9162001 783176672 4
9162081 774028738 39
9162026 9184018 59
9162024 52814612 34
9162062 9162004 103
9162021 586900421 39
9162103 9162009 28
9162030 774028738 25
783176708 9184018 94
774028738 9162037 21
52814612 9162028 16
783176672 9184003 21
586888382 9162113 78
783176672 9162064 64
554321029 9184005 96
783095006 9162077 154
783176708 9162062 186
783176708 9162158 37
586900421 9162019 59
9162119 783176708 48
9184018 9162030 59
819400248 9162119 42
9162056 586888382 0
9162113 586888382 44
9162026 774028738 30
9162102 9162004 55
9162107 586900421 32
9162010 9162042 72
9162016 9162004 7
9162119 9162030 80
9162022 586900421 65
9162081 9184018 85
9162062 586888382 13
9162010 9162009 73
819400248 9162040 74
586888382 586900421 41
774028738 9162034 22
52814612 9162113 27
52814612 9184003 35
52814612 9162012 101
52814612 9162010 81
783176672 9162059 34
9184005 783095006 39
783176708 9162079 12
783176708 9162059 3
783176708 9162071 54
586900421 9162158 114
586900421 9162099 54
586900421 9162103 52
586900421 9162110 53
586900421 9162119 19
774028738 9162113 32
9184003 784358748 72
9184018 783176708 8
9162026 783095006 15
9162021 9162042 20
9162035 783095006 47
9162158 774028738 20
9162026 9162119 61
9162079 9162119 31
9162110 9162004 17
9162068 9162004 41
9162059 9162009 1
9162012 9162010 99
9162010 586888382 100
9162119 774028738 80
9162115 783176708 151
783176672 586888382 32
819400248 9162102 85
9162030 9162026 58
774028738 9184005 113
774028738 9162042 19
783095006 9162035 33
783095006 9162103 42
783176708 9162110 53
784358748 9162004 118
9162021 9162004 5
9162056 9162009 13
9162059 586888382 26
9162001 9162103 57
9162040 9162009 12
9162028 9184018 23
9162021 9162010 95
9162016 9162009 84
9162009 9162103 29
9162001 9162113 30
9162012 819400248 44
774028738 9162079 74
52814612 9162071 21
52814612 586888382 30
774028738 9162038 39
774028738 9162122 46
783176672 9162058 16
819400248 9162007 41
783095006 9162038 23
783095006 9162079 48
774028738 9162030 91
554321029 783176672 2
554321029 9162066 29
783095006 9162113 25
784358748 9184003 85
586900421 9162040 25
586900421 9162066 156
586900421 9162047 74
774028738 9162004 1
9184005 9162026 61
9184018 9162037 8
9184018 9162071 27
9184018 52814612 21
819400248 9162160 16
9162032 9162115 7
9162103 586888382 42
9162113 9162115 14
9162021 586888382 54
9162012 9162103 8
9162158 9162119 40
9162158 9184018 23
9162021 9162040 34
9162099 9162004 4
9162009 9162010 70
9162040 9162010 5
9162079 9162115 67
9162019 586900421 21
9162040 783176708 190
9162119 9162026 26
9162024 9184018 11
9162158 9162010 7
9162040 9162012 34
9162068 783095006 21
9162110 783095006 24
9162030 9162004 62
9162042 783176672 40
9162024 9162016 78
586888382 9162001 88
52814612 9162119 7
52814612 9184024 4
783176672 9162071 2
783176672 9162099 22
819400248 9162059 41
783095006 9162085 5
554321029 9162077 73
554321029 9162037 34
554321029 9162122 24
783095006 9162021 19
783095006 9184018 98
783176708 9162122 58
783176708 9162022 27
783176708 9162087 20
784358748 9162040 76
784358748 9162159 43
784358748 9162059 35
586900421 9162022 79
586900421 9162043 4
586900421 9162160 41
774028738 554321029 44
52814612 9162066 5
9184003 9162012 52
9184003 9162010 83
9184018 9162115 63
9184018 9162079 60
9162107 52814612 23
9162004 9162115 513
9162004 586888382 80
9162016 9162158 36
9162021 9162012 24
9162009 784358748 73
9162077 9162004 136
9162081 554321029 15
9162056 783095006 0
9162010 819400248 44
9162022 783176672 90
9162035 783176708 0
9162103 9162004 90
9162081 9162004 2
9162032 774028738 6
9162026 783176708 28
9162022 9162009 21
9162158 586900421 49
9162062 9162012 22
9162030 9162034 26
9162009 9162113 54
9162068 783176708 36
9162042 784358748 31
9162021 9162038 20
9162160 9162119 10
9162009 819400248 28
9162113 9162119 2
9162042 586888382 10
9162042 586900421 25
9162113 9162009 11
9162009 783176708 0
9162016 9162103 12
9162021 52814612 33
9162107 9162012 29
9162021 783176708 16
9162021 9162119 1
9162016 9162113 19
586888382 9162107 43
9162119 9162113 4
586888382 9162071 0
554321029 9162079 59
783176708 9162030 30
774028738 9162081 87
783176672 9162087 19
783176672 9162001 34
586888382 9162007 61
783176672 9162007 29
783176672 9162160 9
554321029 9162032 41
554321029 9162004 42
554321029 586888382 11
554321029 9162071 33
783095006 774028738 59
783095006 9162026 92
783095006 819400248 18
783095006 9162040 11
783095006 586888382 10
783095006 9162009 13
783176708 9162035 10
784358748 9162021 114
586900421 9162049 50
586900421 9162038 18
586900421 819400248 52
9184003 586888382 15
9184003 9162016 93
9184003 52814612 24
52814612 9162042 68
9184018 9162024 40
9184018 9162122 47
9184018 783095006 44
9184018 9162160 9
9162099 586900421 19
9162016 9162042 33
9162022 9162158 49
9162110 586900421 0
9162079 9162004 111
9162030 9162115 47
9162079 783095006 34
9162004 9162009 38
9162077 783095006 18
9162010 9162040 0
9162077 9162119 35
9162062 9162009 11
9162043 9162004 15
9162004 9162103 38
9162158 9162021 5
9162079 9162030 39
9162059 9162004 53
9162012 9162107 44
9162062 783176708 41
9162040 9162113 23
9162022 9162012 20
9162004 9162113 16
9162160 9162009 4
783176672 586900421 29
586888382 9162059 42
9162025 774028738 11
9162093 9162004 10
9162079 774028738 23
9162042 9162012 12
9162159 9162024 17
9162158 586888382 3
9162040 819400248 11
9162119 9162034 35
9162042 9162004 33
9162030 9162038 5
586888382 9162038 14
586888382 9162019 1
554321029 9162024 125
783176708 52814612 14
52814612 774028738 48
774028738 9162019 17
52814612 9162079 21
783176672 9162062 58
586888382 9162058 8
783176672 9162055 13
819400248 9162010 77
819400248 9162071 70
819400248 9162047 27
783095006 9162081 0
554321029 9162064 11
554321029 9162110 1
783095006 9162102 141
783095006 9162037 37
783095006 9184005 68
783095006 9162160 0
783176708 9162026 39
783176708 9162043 25
783176708 9162010 64
783176708 9162028 79
784358748 586888382 92
586900421 9162159 65
586900421 9162064 75
586900421 783176708 38
774028738 9162077 36
9184005 9162037 28
9184005 9162079 32
52814612 586900421 22
819400248 9162064 74
9184018 9162059 15
9184018 9184005 47
9184018 9162038 16
9184018 9162066 6
9162103 9162113 23
9162107 9162159 10
9162022 586888382 26
9162158 9162028 17
9162056 9162115 12
9162012 783176708 7
9162059 783176708 89
9162022 9162019 102
9162062 9162115 36
9162107 784358748 34
9162093 774028738 7
9162110 9162012 4
9162058 9162004 29
9162103 9162115 22
9162079 9162034 22
9162026 9162115 27
9162113 783176672 31
9162115 783095006 54
9162021 9162047 1
9162032 9184018 46
9162059 9162102 5
9162110 586888382 1
9162115 9162102 56
9162026 9162004 55
9162062 819400248 131
9162021 9162103 13
9162113 819400248 20
9162030 9162122 24
9162032 9162004 38
9162021 774028738 0
9162012 9162042 71
9162102 819400248 44
9162047 9162004 44
9162099 9162119 6
9162001 9162040 27
9162059 9162103 14
9162115 9162103 15
9162004 819400248 49
9162037 783095006 11
9162126 783095006 6
9162077 9162102 15
9162160 9162103 2
9162001 9162038 3
9162026 9162071 6
9162021 783176672 45
9162009 9162042 48
9162059 52814612 0
9162115 9162113 51
9162030 9162037 17
9162065 9162004 24
9162081 9162026 32
9162158 9162103 10
9162024 9162019 13
819400248 783095006 18
9162119 9162077 57
9162122 9162119 39
586888382 9162064 32
586888382 784358748 38
9162119 9162068 15
774028738 9162115 92
52814612 9162107 39
774028738 9162010 27
774028738 9162099 16
52814612 9162059 52
783176672 9162047 3
783176672 9162056 19
783176672 9184018 78
819400248 9162066 39
783095006 9162158 25
783095006 9162064 11
554321029 9184024 24
554321029 9162038 29
554321029 9162103 9
554321029 784358748 12
783176708 9162058 107
783176708 9162159 20
784358748 9162103 49
784358748 9162113 18
784358748 9162064 29
784358748 9162038 18
784358748 9184018 35
784358748 9162047 38
586900421 9162004 89
586900421 9162113 102
586900421 9162115 17
586900421 9184018 15
586900421 784358748 40
783176672 9162016 94
774028738 9162160 41
774028738 9162028 67
774028738 586900421 4
9184005 9162030 145
52814612 784358748 13
9184018 554321029 45
9184018 9184024 54
9184018 9162004 37
52814612 9162064 72
9184024 9162119 32
9184018 9162090 2
9162107 9162009 7
9162016 9162071 24
9162042 9162066 3
9162113 9162012 2
9162058 9162071 3
9162158 784358748 109
9162079 52814612 5
9162110 9162038 15
9162122 9162004 33
9162159 52814612 42
9162021 784358748 53
9162160 819400248 2
9162004 9162066 45
9162004 783095006 67
9162056 9162004 58
9162025 52814612 14
9162062 9162113 21
9162110 9162119 7
9162059 9162021 4
9162158 9162043 11
9162012 9162004 93
9162071 9162004 9
9162010 9162019 27
9162016 9162040 10
9162025 9162119 26
9162071 9162103 2
9162042 9162010 36
9162099 9162012 17
9162035 9162103 15
9162004 9162001 73
9162071 9162007 1
9162007 586888382 2
9162158 9162024 43
9162068 9162160 4
9162019 9162049 8
9162030 9162113 80
9162016 9184018 18
9162032 783095006 20
9162016 9162119 27
9162062 9162040 17
9162079 783176708 50
9162160 586888382 21
9162158 9162040 14
9162016 9162021 82
9162055 783176708 39
9162001 9162115 9
9162030 9162032 36
9162024 9162160 5
9162016 586888382 46
9162068 9162119 65
9162056 9162010 17
9162113 9162010 10
9162021 9162037 0
9162012 9162115 147
9162110 9162158 35
9162158 9162038 1
9162090 9162004 2
9162158 783176672 2
9162059 9162119 80
9162081 9162115 3
9162012 9162040 28
819400248 9162021 24
9162107 9162038 2
9162099 586888382 1
9162158 783176708 43
9162022 9162042 31
9162021 9162087 25
9162160 9162004 43
9162085 9162119 0
9162055 784358748 1
9162059 9162113 6
9162021 9184003 44
9162010 9162158 31
819400248 9162068 38
9162079 9162038 3
9162021 9162107 30
9162122 783176708 3
9162071 9162119 30
9162012 586900421 57
9162159 9162064 9
9162016 9162110 1
9162026 586888382 18
9162085 9162004 15
9162059 9162012 26
9162010 9162056 3
9162119 9162059 14
9162062 9162119 3
9162055 9162004 61
819400248 9162158 43
9162103 9162040 0
819400248 9162038 40
554321029 9162102 5
783176672 9162026 44
52814612 783176708 43
774028738 586888382 13
774028738 9162025 50
52814612 9162077 0
52814612 9162103 36
783176672 9162102 119
783176672 9162119 15
783176672 9162110 37
586888382 9162055 21
819400248 9162062 3
819400248 9162065 42
819400248 9162042 43
819400248 9162115 47
554321029 9162081 65
554321029 9162087 2
783095006 9162059 24
783095006 9162122 63
783176708 783176672 4
783176708 586888382 8
783176708 9162019 1
783176708 586900421 13
783176708 9162021 35
784358748 9162079 14
784358748 9162024 31
784358748 9162071 32
774028738 783176672 87
774028738 9162110 16
774028738 9162085 39
774028738 9162059 22
52814612 9162047 84
9184003 783176672 97
9184003 9162042 61
9184003 9162009 5
9162024 9162158 62
52814612 9162037 5
774028738 9162001 38
9184018 9162034 27
9184018 9162113 3
52814612 9162040 45
9184024 9162026 39
819400248 9162024 49
9162001 9162064 26
9162087 9162115 12
9162019 9162024 18
9162113 783095006 181
9162001 9162016 61
9162007 783176708 43
9162028 9162037 3
9162016 9162022 25
9162032 9162071 1
9162160 52814612 73
9162081 9162032 23
9162103 9162102 14
9162079 9162064 1
9162103 9162119 16
9162103 783176672 1
9162077 783176708 151
9162056 586900421 17
9162038 586888382 3
9162024 9162110 14
9162040 784358748 1
9162110 9162103 4
9162043 9184018 4
9162009 9162016 73
9162016 9162019 68
9162056 9162103 14
9162025 9162103 8
9162010 9162113 29
9162007 819400248 13
9162055 586888382 3
9162021 9162115 22
9162071 783095006 26
9162012 9162021 65
9162064 9162004 4
9162085 9162034 0
9162115 9162160 1
9162043 586888382 0
9162113 9162103 12
9162007 9162012 23
9162158 9162077 26
9162107 9162019 15
9162087 9162004 6
9162010 9184003 42
9162079 9162160 11
9162102 9162119 56
9162001 9162059 8
9162021 9162028 0
9162026 9162034 24
9162115 9162059 30
9162158 9162160 13
9162062 9162103 31
9162022 9184003 57
9162102 9162103 17
9162064 783176708 44
9162030 9162079 39
9162122 9184018 9
9162056 9162012 1
9162022 9162159 17
9162019 9162042 22
9162012 9162102 167
9162071 9162012 5
9162035 9162113 6
9162102 9162007 17
9162016 9162115 7
9162059 9162158 7
9162160 783095006 0
9162103 9162012 2
9162056 783176708 55
9162119 9162079 24
9162159 9162004 28
9162113 9162068 15
9162159 586900421 37
9162110 783176708 32
9162159 9162115 9
9162158 9162042 9
9162025 9162009 10
9162103 784358748 8
9162010 52814612 14
9162001 9162012 42
9162021 9162059 18
9162119 9162103 10
9162085 9162066 1
9162085 774028738 4
9162059 819400248 1
9162058 586900421 11
9162160 9162012 6
9162160 9162010 31
9162113 9162158 5
9162026 9162037 6
9162071 9162115 10
9162158 783095006 1
9162047 9162012 1
9162032 554321029 16
9162027 9162119 2
9162079 9162010 3
9162037 9162115 12
9162158 9162079 14
9162016 9162034 25
9162158 9162107 25
9162040 9162115 5
9162034 783095006 28
9162066 9162004 32
9162084 586888382 4
9162103 9162066 15
9162007 9162103 18
9162025 9162160 7
9162081 9162071 13
9162058 586888382 26
9162059 9184018 0
586888382 9162102 47
9162016 9162160 41
9162159 9184018 3
9162026 9162025 7
9162024 9162009 10
9162004 9162160 49
9162119 9162038 4
9162081 9162122 5
9162119 9162021 2
9162115 9162034 24
554321029 9162068 88
774028738 9162107 3
774028738 9162159 15
774028738 9162012 43
52814612 9162021 88
52814612 9162110 82
52814612 9162038 39
52814612 9162159 74
783176672 9162085 32
586888382 9184003 4
586888382 9162160 10
586888382 9162066 14
586888382 9162016 81
819400248 9162049 25
819400248 9162087 28
554321029 9162059 79
554321029 9162058 9
554321029 9162065 33
554321029 9162160 1
783095006 783176672 74
783095006 9162068 53
9184005 9162025 12
554321029 9162084 12
783095006 9162065 12
783095006 9162126 28
783176708 9162090 11
783176708 784358748 27
783176708 9162085 12
783176708 774028738 51
783176708 9162055 40
783176708 554321029 18
784358748 783176672 239
784358748 9162019 71
784358748 9162099 68
586900421 9162059 57
586900421 9162065 19
586900421 9162056 8
586900421 9162068 3
774028738 9162064 45
783176708 9162065 136
9184003 9162071 17
9184003 9162103 21
9184003 9162024 29
9184005 9162081 64
9184005 783176708 104
52814612 783176672 38
52814612 9162001 1
52814612 9162099 66
52814612 9162049 27
819400248 9162099 56
9184018 586900421 17
9162081 9184024 22
9184018 9162043 12
9184018 9162110 11
9184018 586888382 25
9184018 9162047 1
9184024 9184005 49
9184024 52814612 13
9184018 9162009 8
9162160 9162021 11
9162122 9162012 7
9162022 9162038 11
9162010 9162110 19
9162042 9162038 13
9162071 783176708 18
9162032 9162103 0
9162068 9162115 27
9162026 9162122 14
9162113 9162038 3
9162042 9162016 21
9162077 9162009 0
9162110 774028738 0
9162102 586888382 48
9162103 9162010 2
9162093 9162019 17
9162004 9162119 71
9162102 9162009 35
9162090 9162103 2
9162026 9162028 15
9162025 586888382 9
9162043 783095006 2
9162022 9162047 33
9162047 9162009 3
9162040 9162064 3
9162024 9162004 11
9162056 783176672 23
9162093 9162034 1
9162079 9162103 7
9162071 9162040 4
9162021 9184018 8
9162110 9162010 39
9162022 9162103 4
9162087 774028738 0
9162043 9162119 0
9162022 9162040 5
9162035 9162071 0
9162024 9162040 4
9162025 9162004 33
9162026 9162024 1
9162030 9162110 3
9162058 819400248 19
9162010 9162103 6
9162009 9162107 34
9162042 52814612 3
9162019 9162026 10
9162110 52814612 18
9162035 9162160 8
9162077 9162160 2
9162158 9162102 5
9162059 9162160 1
9162079 9184018 29
9162056 9162040 6
9162079 9162077 11
9162115 9162009 1
9162085 9162103 6
9162001 784358748 13
9162040 9162079 3
9162009 9162026 6
9162159 9162113 1
9162016 9162024 14
9162126 9162004 22
9162068 774028738 6
9162019 9162012 49
9162032 9162113 0
9162021 9162055 5
9162158 9162099 38
9162016 9162049 24
9162026 9184024 18
9162158 9162037 2
9162119 9162019 1
9162126 774028738 4
9162021 9162019 34
9162079 9162019 1
9162027 774028738 10
9162068 9162030 3
9162122 9162160 0
9162016 9162054 1
9162122 9162115 18
9162032 9162037 14
9162102 9162012 12
9162059 586900421 14
9162113 9162160 25
9162019 52814612 83
9162158 9162126 21
9162065 9162024 0
9162107 9162062 13
9162058 9162042 16
9162043 9162042 2
9162009 9162059 17
9162010 9162107 58
9162040 9162119 8
9162110 9162019 14
9162026 554321029 16
9162022 9162016 80
9162081 9162038 0
9162004 9162042 42
9162009 9162022 20
9162066 9162103 3
784358748 9162102 48
9162019 9162010 15
9162021 9162158 16
9162099 9162103 4
9162040 9162103 35
9162022 9162004 11
9162035 9162119 46
9162119 9184018 101
9162113 9184018 16
9162077 9162115 41
9162032 9162064 4
9162012 9162055 49
9162079 9162012 13
9162025 9162115 15
9162030 9162071 33
9162028 774028738 23
9162102 9162001 43
9162001 9162042 20
9162021 9162071 6
9162042 819400248 2
9162021 9162110 12
9162065 9184018 6
9162035 586888382 31
9162062 9162077 6
9162158 9162071 11
9162056 9162099 3
9162001 9162007 8
9162026 9162077 19
9162037 9162113 7
9162093 9162042 9
9162159 586888382 5
9162024 586900421 29
9162022 9162024 47
9162010 9162064 10
9162064 586888382 5
9162071 586888382 10
9162042 9162009 28
9162119 9162037 78
9162115 9162038 1
9162119 586888382 12
9162019 9162059 4
9162158 9162115 8
9162119 9162064 10
9162058 9162119 238
9162071 783176672 0
9162016 9162068 11
9162107 9162158 7
9162040 9184003 2
9162056 784358748 5
9162119 9162028 31
9162030 9162066 7
9162103 9162034 7
9162103 9162021 7
586888382 9162099 15
52814612 9162056 61
9162030 9162035 18
554321029 586900421 21
774028738 9162027 34
52814612 9162115 10
52814612 9162062 28
774028738 9162022 45
774028738 783176708 56
52814612 9162043 27
774028738 819400248 40
52814612 9162085 38
586888382 9162021 72
586888382 9184018 46
586888382 9162077 50
819400248 9162058 27
783176672 9162079 105
783176672 784358748 106
819400248 9162055 7
783176672 9162038 8
783095006 9184024 37
774028738 9162062 3
783095006 9162012 29
783095006 9162024 31
783095006 9162028 123
783095006 9162159 17
783095006 9162042 16
783095006 9162007 26
783095006 9162001 57
783176708 9162025 3
783176708 9162099 80
783176708 9162047 65
819400248 9162110 8
784358748 9162026 2
784358748 586900421 15
784358748 9162158 33
586900421 9162026 6
586900421 9162037 2
586900421 9162027 11
586900421 9162025 35
774028738 9162071 20
774028738 9162068 8
774028738 9162093 39
9184003 9162056 6
9184005 9162077 24
9184005 9162122 2
9184005 9162038 2
9162024 9162064 4
9162024 784358748 21
774028738 9162016 93
774028738 9162043 11
52814612 9162007 19
9184018 9162035 12
9184018 9162102 1
9184018 9162158 25
9184018 9162065 5
52814612 9162122 22
52814612 9162034 13
9184018 9162025 47
9184018 9162077 39
52814612 9162068 6
586900421 9162007 21
586900421 9162071 2
9162159 9162012 5
9162126 9162119 8
9162158 9162110 38
9162037 9162119 20
9162071 9162079 2
9162042 9162085 4
9162054 9162004 11
9162001 9162068 1
9162087 9162009 4
9162056 9162119 7
9162158 9162022 53
9162034 9162043 10
9162016 9162026 6
9162158 9162085 1
9162079 819400248 3
9162025 9162043 16
9162071 819400248 22
9162019 9162113 21
9162159 783095006 4
9162102 9162040 19
9162071 9162009 4
9162077 9162062 7
9162009 9162049 9
586888382 783176672 9
9162010 9184018 15
9162042 9162103 8
9162062 9162001 12
9162016 9162038 11
9162099 783176672 1
9162115 9162037 36
9162159 9162019 25
9162043 783176672 8
9162004 9162071 4
9162016 9162099 31
9162113 9162001 16
9162126 586888382 16
9162032 9162040 1
9162009 9162019 27
9162103 9184018 9
9162004 9162102 8
9162099 9162059 5
9162043 52814612 8
9162110 9162068 13
9162062 784358748 2
9162019 9162009 26
9162038 9162113 13
9162058 9162012 7
9162019 774028738 5
9162085 9162012 32
9162107 9162004 30
9162079 9162110 3
9162021 9162084 7
9162107 9162160 12
9162113 9162037 2
9162103 9162087 0
9162079 554321029 45
9162077 783176672 3
9162090 9162079 7
9162077 9184018 2
9162107 586888382 42
9162009 9162115 33
9162016 9162087 27
9162016 9162102 3
9162079 9162068 14
9162012 9162043 5
9162115 9162040 3
9162113 9162040 20
9162160 9162158 5
9162026 9162158 11
9162028 9162119 13
9162010 9162058 5
9162099 9162066 4
9162071 9162160 25
9162058 783176672 4
9162059 9162038 16
9162019 9162158 21
9162010 9162159 1
9162160 9162066 18
9162058 9162040 23
9162004 9162040 21
9162085 9162087 9
9162004 9162059 35
9162084 9162158 11
9162059 783095006 8
9162016 9162055 25
9162009 9162158 4
9162093 9162059 1
9162022 9162049 18
9162059 9162024 3
9162004 9162034 36
9162093 784358748 23
9162035 9162040 2
9162032 9162025 6
9162042 9162113 11
9162113 9184024 1
9162007 9162115 8
9162042 9162119 6
9162066 783095006 1
9162007 9162158 0
9162059 9162122 3
9162081 783176708 4
9162037 9162026 8
9162160 9162016 9
9162016 9162085 39
9162122 9162103 3
9162158 9162016 65
9162016 9162084 0
9162026 9162160 11
9162007 9162009 3
9162110 9162062 3
9162160 774028738 6
9162010 783176708 28
9162043 9162012 13
9162022 9162058 11
586888382 9162159 5
9162158 9162087 9
9162158 9184024 4
9162099 52814612 11
9162062 9162007 1
9162093 9162119 40
9162016 9162107 11
9162102 9162115 18
9162115 9162016 6
9162016 9162077 4
9162079 9162102 4
9162022 9162021 45
9162030 9162068 63
9162055 9162009 5
9162047 774028738 3
9162012 9162049 48
9162022 9162115 81
9162077 9162028 10
9162019 9162007 5
9162079 9162037 13
9162032 9162026 25
9162059 9162007 8
9162028 9162024 7
9162093 9162056 1
9162001 9162102 25
9162158 9162012 26
9162056 9162113 8
9162066 9162110 4
9162004 9162007 37
9162158 9162113 5
9162030 9162059 16
9162119 9162110 0
9162007 9162004 28
9162084 9162115 6
9162090 9162115 7
9162110 9162009 3
9162026 9162085 5
9162021 9162058 4
9162065 783095006 19
9162001 9162087 13
9162102 9162122 4
9162062 9162099 14
9162107 9162119 16
9162021 9162062 21
9162119 819400248 20
9162160 9162007 6
9162077 9162034 14
9162001 783095006 5
9162016 9162062 22
9162068 9162159 6
9162158 9162159 22
9162021 819400248 7
9162056 9162037 7
9162085 9184018 9
9162058 9162115 6
9162001 586900421 25
9162099 9162024 6
9162107 9162113 5
9162159 9162119 13
9162085 586888382 5
9162009 9162077 47
9162071 9184018 14
9162071 52814612 15
9162084 9162107 0
9162024 783176708 34
9162068 9162034 7
9162071 9162042 6
9162084 9162066 9
9162026 9162030 27
9162065 9162012 4
9162085 783176708 18
9162026 9162009 5
9162159 9162103 5
9162010 9162016 82
9162085 9162009 8
9162009 9162159 9
9162025 784358748 19
9162102 9162071 18
9162090 9162040 2
9162159 9162077 0
9162160 9162079 11
9162113 9162071 8
9162026 9162010 6
9162056 52814612 3
9162087 586888382 3
9162026 9162019 1
9162090 52814612 9
9162009 9162021 11
9162025 9162019 7
9162019 9162034 2
9162079 783176672 0
9162021 9162056 12
586888382 9162065 1
9162090 783095006 12
9162102 9162087 6
9162081 9162113 0
9162093 586900421 11
9162025 9162024 5
9162012 9162113 22
9162004 9162012 22
9162110 9162107 11
9162025 9184018 31
9162056 9162085 1
586888382 9162049 2
9162071 784358748 6
9162026 9162047 4
9162016 9162066 18
9162119 9162062 134
9162102 9162056 34
9162032 783176708 39
9162068 9162009 4
9162030 9162077 27
9162028 9162113 1
9162009 586900421 1
9162030 783176708 14
819400248 9184018 20
9162115 9184018 34
9162119 9162071 51
9162158 9162064 28
9162030 9162028 20
783176672 554321029 3
774028738 784358748 13
774028738 9162009 16
52814612 9162065 3
774028738 9162040 18
52814612 9162087 29
783176672 9162028 9
783176672 9162065 26
586888382 9162122 68
586888382 9162068 16
783176672 9162077 156
586888382 9162087 5
586888382 9162115 169
586888382 9162047 2
783176672 9162090 6
783176672 9162034 9
586888382 9162043 0
783176672 9162131 39
783176672 9162115 194
819400248 9162019 93
819400248 9162037 3
819400248 9162079 32
783176672 9162068 46
783176672 9162024 55
783095006 9162043 23
554321029 9162027 0
554321029 9162028 73
554321029 9162126 3
554321029 9162025 78
774028738 9162103 24
783095006 9162049 12
783095006 9162087 13
554321029 9162062 48
554321029 9162042 10
783095006 9162025 24
783095006 9162099 18
783095006 9162062 23
783176708 9162024 63
783095006 9162016 34
783176708 9162126 19
783176708 9162056 33
783176708 9162131 0
784358748 9162001 33
784358748 52814612 10
784358748 9162160 26
784358748 9162056 12
784358748 819400248 127
586900421 9162001 10
784358748 9162058 56
783176672 9162037 19
586900421 9162122 14
774028738 9162058 2
774028738 9162131 17
774028738 9162066 70
774028738 9162102 11
9184003 9162019 54
9184003 9162159 58
9184003 819400248 0
9184005 9162032 33
9184005 9184024 138
9184005 9162071 8
9162024 9162077 9
9162024 9162103 25
9162024 9162058 4
774028738 9162032 31
9184018 9162159 15
52814612 9162030 23
52814612 9162025 17
774028738 9162055 4
819400248 554321029 0
9184018 9162019 8
9162081 9162030 47
9184018 9162016 32
9184018 9162027 23
9184018 9162007 1
9184024 9162115 20
9184018 9162085 15
9184018 9162040 8
9184018 9162081 45
9184018 9162032 28
52814612 9162090 2
9184024 9162004 25
9184024 9162079 22
9184024 9162158 11
9184024 9162028 16
9184024 9162159 6
9184024 783095006 152
9162115 9162035 22
586900421 9162054 32
586900421 9162102 5
586900421 9162090 29
9162025 9162010 3
9162056 9184018 1
9162040 9162062 18
9162022 9162025 14
9162059 9162077 20
9162160 9162019 2
9162085 9184024 8
9162035 9162064 13
9162110 9162030 9
9162159 784358748 12
9162026 9162103 1
9162028 9162034 16
9162001 9162062 2
9162103 9162001 21
9162115 554321029 2
9162026 9162001 0
9162122 819400248 4
9162103 783095006 16
9162026 9162007 3
9162028 9162049 0
9162068 9162038 7
9162042 9162160 21
9162084 9162119 2
9162047 9162103 0
9162081 9162009 7
9162122 9162009 9
9162110 9162028 17
9162028 9162062 0
9162043 9162037 0
9162158 9162034 14
9162071 554321029 3
9162102 783176672 14
9162016 783095006 19
9162016 9184003 34
9162026 9162110 10
9162043 9162113 11
9162062 9162021 1
9162103 9162071 4
9162021 9162022 19
9162027 9162030 6
9162037 586888382 41
9162103 9162025 8
9162059 9162043 14
9162119 9162007 32
9162009 9162055 8
9162016 9162122 11
9162028 9162064 3
9162001 9162090 0
9162034 9162004 18
9162043 9162034 11
9162115 9162085 30
9162055 783176672 5
9162099 783176708 30
9162032 52814612 3
9162062 9162019 9
9162028 9162159 8
9162126 9162160 5
9162043 774028738 6
9162071 9162043 10
9162032 586900421 9
9162040 9162001 16
9162024 9162059 16
9162021 9162016 26
9162079 586900421 14
9162012 9162024 70
9162028 52814612 0
9162103 9162084 2
9162049 9162016 44
9162115 9162090 4
9162062 774028738 4
9162160 9162042 3
9162058 9162103 22
586888382 9162026 20
9162022 783176708 200
9162158 9162007 2
9162009 9162047 1
9162115 9162026 5
9162103 9162058 15
9162001 9162160 1
9162065 9162034 3
9162030 9162042 6
9162021 9162007 11
9162160 9162071 1
9162087 9162103 12
9162047 9162102 9
9162012 9162071 33
9162119 9162058 52
9162028 9162071 17
9162062 9184018 3
9162012 9162087 20
9162159 9162038 1
9162077 9162113 6
9162113 9162026 24
9162093 9162079 7
9162021 9162090 9
9162066 9162113 17
9162028 9162019 4
9162113 9162056 12
9162113 9162059 8
9162055 9162102 5
9162113 9162047 14
9162047 9162065 10
9162035 9162115 24
9162079 9162113 1
9162062 9162025 16
9162079 9162066 0
9162071 9162026 4
9162071 9162113 5
9162035 9162009 62
9162107 9162021 27
9162113 9162042 8
9162012 9162038 13
9162009 9162038 71
9162085 9162010 22
9162079 784358748 15
9162059 9162068 3
9162004 783176672 299
9162068 9162042 5
9162030 9162058 1
9162159 9162037 0
9162009 9162040 21
9162012 9162062 8
9162099 9162113 0
9162103 9162024 10
9162122 9162034 12
9162110 9162064 21
9162012 9162110 23
9162081 9162040 0
9162059 9162019 8
9162090 586888382 8
9162035 783176672 77
9162043 784358748 0
9162001 9162066 17
9162042 9162064 39
9162077 586888382 39
9162012 9162122 4
9162158 9162066 41
9162099 9162034 10
9162081 9162110 4
9162107 9162010 34
9162115 9162049 5
9162022 9162007 35
9162077 9162042 3
9162077 9162058 1
9162081 9184005 27
9162016 9162047 40
9162058 9162019 17
9162077 9162030 22
9162019 9162077 2
9162021 9162065 9
9162030 9162012 6
9162062 9162038 21
9162038 774028738 12
9162079 9162071 23
9162019 9162004 64
9162079 586888382 43
9162062 783095006 2
9162032 9162081 8
9162102 784358748 181
9162160 783176708 47
9162102 9162064 12
9162037 9162012 10
9162158 9162122 4
9162115 9162021 13
9162085 783176672 3
9162084 9162004 21
9162103 9162068 3
9162028 9184024 6
9162077 9162035 8
9162047 9162122 3
9162054 586888382 0
9162059 9162040 16
9162028 9162115 16
9162062 9162158 5
9162026 784358748 18
9162047 9162040 0
9162047 9162107 18
9162068 9162019 2
9162079 9184024 12
9162160 9184003 11
9162026 9162068 6
9162026 9162065 0
9162032 9162038 1
9162062 9162071 18
9162160 9162059 12
9162071 9162159 0
9162084 9162110 11
9162064 819400248 16
9162087 9162012 0
9162085 9162021 11
9162042 9162022 19
9162037 9162042 1
9162047 783095006 4
9162102 9162077 33
9162065 783176672 4
9162084 9184018 4
9162021 9162026 10
9162122 9162087 7
9162007 9162099 12
9162010 9162007 20
9162026 9162038 5
9162099 9162010 14
9162068 9162087 1
9162068 9162084 6
9162087 819400248 0
9162054 9162115 9
9162160 9162056 6
9162032 9184005 6
9162038 783176672 0
9162025 9162026 20
9162159 9162066 5
9162056 9162038 7
9162062 9162122 19
9162019 9162122 4
9162084 9162102 6
9162026 9162049 0
9162019 9162021 11
9162056 9162066 10
9162079 9162055 0
9162034 9162103 1
9162110 9162022 1
9162021 9162043 4
9162158 9162019 29
9162025 9162113 6
9162122 9162113 5
9162159 9162040 1
9162043 9162049 6
9162071 9162038 11
9162012 9184003 74
9162077 9162024 0
9162158 9184003 12
9162085 9162110 0
9162001 52814612 0
9162122 9162035 10
9162021 9162066 4
9162012 9162068 33
9162004 9184018 74
9162004 9162068 71
9162035 9162030 4
9162016 9162030 12
9162062 783176672 8
9162040 9162016 3
9162058 52814612 31
9162090 819400248 0
9162012 52814612 17
9162025 9162038 5
9162158 9162084 12
9162113 9162016 7
9162077 9162066 42
9162110 783176672 22
9162028 784358748 27
9162159 9162065 2
9162126 9162103 5
9162090 774028738 3
9162066 9184018 5
9162093 9162107 4
9162010 9162055 21
9162028 586888382 13
9162084 783176708 8
9162058 9162056 0
9162010 9162024 5
9162113 9162090 0
9162030 9162103 11
9162027 9184018 2
9162032 9184003 21
9162040 9162159 8
9162030 9162160 15
9162019 819400248 3
9162058 9162079 3
9162040 9162102 7
9162093 9162085 1
9162016 9162159 36
9162026 9162084 0
9162021 9162034 12
9162040 9184018 5
9162077 9162103 6
784358748 783176708 27
9162030 9184024 19
9162159 9162010 20
9162115 9162030 30
9162028 819400248 13
9162079 9162009 16
9162012 9162059 17
9162059 9162010 16
9162010 9162066 10
9162122 9162026 15
9162042 9162047 17
9162102 783095006 26
9162001 9162158 6
9162037 9162030 11
9162043 9162040 5
9162004 9162055 62
9162103 9162064 19
9162030 9162027 12
9162021 9162160 11
9162009 9162035 16
9162026 9184005 2
9162099 9162107 12
9162004 9162038 2
9162022 9162160 28
9162066 9162158 9
9162010 9162004 115
9162119 9162122 58
9162001 9162035 6
9162042 9162019 4
9162066 9162009 7
9162159 9162079 6
9162032 9162085 4
9162032 9162034 11
9162103 9162042 2
9162037 9162004 2
9162093 9162160 2
9162087 52814612 9
9162131 9162103 3
9162064 9162158 4
9162030 9162158 7
9162064 9162012 9
9162064 9162055 12
9162081 9162043 7
9162037 9162103 15
9162059 9162028 22
9162085 9162026 12
9162090 9162037 2
9162001 9162058 8
9162035 9162038 0
9162062 9162085 10
9162007 9162119 19
9162025 9162158 14
9162043 9162066 2
9162037 9162159 0
9162113 9162062 30
9162012 9162160 2
9162110 9162115 13
9162001 9162159 7
9162022 9162102 5
9162004 9162047 20
9162001 9162032 10
9162068 9162090 5
9162022 9162030 0
9162110 9162016 17
9162159 9162021 20
9162103 9162059 15
9162043 9162010 10
9162081 9162028 11
9162026 9162066 3
9162113 9162126 0
9162077 9162040 9
9162064 9162010 13
9162122 783095006 3
9162068 9162059 8
9162043 9162035 3
9162030 9162085 3
9162026 9162059 14
9162016 9162064 68
9162115 9162122 19
9162102 9162066 26
9162030 9162025 15
9162062 9162042 16
9162093 9162038 16
9162030 9162009 4
9162024 9162126 4
9162115 819400248 26
9162024 9162055 4
9162009 9162043 4
9162115 9162012 59
9162115 9162077 48
9162115 9162110 15
554321029 9162012 52
52814612 9162054 3
52814612 9162026 63
783176672 9162084 3
586888382 9162056 24
586888382 9162028 4
586888382 783095006 8
586888382 9162090 1
586888382 9162037 80
783176672 9162122 70
819400248 9162025 9
819400248 9162016 121
783176672 9162035 75
783176672 9162158 18
783176672 774028738 62
819400248 9162077 69
783095006 9162010 65
554321029 9162159 15
554321029 9162049 5
554321029 9162047 11
774028738 9162084 19
554321029 9162099 41
554321029 9162021 6
783095006 9162107 6
783095006 9162019 6
783176708 9162049 24
783176708 9184024 47
819400248 9162035 10
784358748 9162110 16
784358748 9162022 69
784358748 9162043 34
784358748 774028738 5
784358748 9162055 20
784358748 9162049 11
586900421 9162084 47
586900421 9162034 21
586900421 774028738 29
784358748 9162025 14
586900421 9162079 16
586900421 9162055 9
586900421 9162087 35
586900421 9162058 27
586900421 9162077 43
586900421 9162081 11
774028738 9162049 7
774028738 9162087 3
9162119 9162066 36
9162119 9162032 24
9162119 9184005 44
9162119 9162158 5
9162119 9162010 4
9184003 9162107 38
9184003 9162113 32
9184003 774028738 0
9184003 9162007 4
9184003 9162058 9
9184003 9162158 113
9184003 9162160 20
9184003 9162021 60
9184005 9162004 266
9184005 9162115 104
9184005 819400248 7
9184005 9162059 4
9184005 52814612 8
9162024 9184024 14
9162024 9162043 12
9162024 9162122 25
774028738 9162047 13
819400248 9162056 25
9184018 9162062 22
9184018 9162056 11
9184018 9162084 16
9184018 9162103 4
9184018 9162049 3
9184018 9162126 18
9184024 9162027 5
9184024 9162103 47
9184024 9162021 4
9184024 9162012 57
9162081 9162077 14
9184018 784358748 3
9184018 9162099 15
9162037 819400248 8
9162016 9162079 8
9162122 9162071 25
9162024 9162026 11
9162126 9162066 7
9162062 9162064 10
9162066 774028738 2
9162066 9162012 11
9162084 9162024 4
9162110 9162102 2
9162032 9162158 6
9162068 9162021 2
9162059 783176672 15
9162026 9162079 26
9162056 9162035 7
9162025 9162040 1
9162042 9184003 32
9162055 9162037 3
9162081 9162085 0
9162085 783095006 1
9162077 9162026 1
9162122 9162159 0
9162032 9162068 27
9162021 9162068 15
9162102 9162043 8
9162090 783176672 3
9162113 586900421 23
9162035 774028738 4
9162035 9162122 13
9162027 9162034 3
9162032 9162012 11
9162010 9162022 6
9162016 9162037 8
9162081 9162068 10
9162037 9162126 3
9162028 9162122 12
9162110 9162042 1
9162102 9162030 24
9162122 9162040 3
9162025 554321029 20
9162042 9162115 18
9162085 9162037 9
9162040 9162042 11
9162059 774028738 20
9162040 9162158 5
9162158 9162026 10
9162021 554321029 24
9162021 9162054 0
9162102 9162099 16
9162037 9162035 4
9162019 9162159 11
9162049 9162119 1
9162059 9162047 8
9162035 9162079 16
9162115 9162071 41
9162079 9162059 0
9162022 9162110 39
9162021 783095006 1
9162049 9162103 2
9162043 783176708 22
9162032 9162007 8
9162025 9162064 0
9162107 9162055 5
9162047 9184018 2
9162004 9162025 1
9162103 52814612 1
9162047 9162024 0
9162119 9162047 10
9162055 9162119 3
9162042 9162087 13
9162071 9162058 0
9162065 783176708 60
9162025 9162102 7
9162064 9162066 2
9162009 9162037 9
9162062 9162030 7
9162043 9162158 2
9162093 783095006 30
9162042 783095006 5
9162065 9162030 3
9162115 9162022 0
9162068 9162040 4
9162049 9162040 6
9162042 9162110 10
9162047 9162019 19
9162055 9162019 5
9162055 9162010 18
9162019 9184018 15
9162004 9162064 17
9162084 9162099 0
9162016 9162059 16
9162102 9162160 5
9162001 9162119 14
9162102 9162038 11
9162126 9162026 5
9162010 9162160 23
9162103 774028738 0
9162160 9162065 8
9162158 9162047 17
9162068 52814612 1
9162022 9162026 5
9162032 9162042 3
9162042 9162071 8
9162065 9162049 4
9162021 9162113 13
9162093 9162064 3
9162160 9162102 2
9162058 783095006 39
9162058 9162038 4
9162158 554321029 18
9162043 9162077 4
9162102 774028738 1
9162077 9162079 12
9162158 9162025 17
9162019 9162056 1
9162099 774028738 2
9162093 9184024 12
9162107 9162024 8
9162056 9162024 1
9162102 9162159 10
9162087 9162034 1
9162010 9162099 53
9162058 9162009 1
9162099 784358748 3
9162056 819400248 11
9162068 9162079 5
9162066 52814612 1
9162084 586900421 12
9162066 783176672 22
9162103 9162026 9
9162028 9162026 15
9162042 9184018 0
9162090 586900421 3
9162025 9162077 14
9162042 9162059 26
9162102 9162110 15
9162160 9162040 4
9162019 783095006 8
9162102 9162042 12
9162099 9162115 2
9162035 9162062 9
9162042 9162084 1
9162085 9162158 11
9162019 9162038 1
9162159 9162022 67
9162019 9162047 21
9162093 9162122 8
9162077 9162038 7
9162012 9162058 0
9162071 9162066 5
9162079 9162085 9
9162054 52814612 12
9162034 9162038 5
9162049 9162004 17
9162001 9162065 4
9162021 9162093 0
9162066 9162071 1
9162085 586900421 13
9162077 9162012 0
9162019 784358748 50
9162062 586900421 16
9162040 9162037 4
9162122 9162081 5
9162084 9162113 5
9162055 819400248 7
9162103 9162055 9
9162042 9162024 1
9162010 9162025 19
9162038 819400248 7
9162032 9162058 0
9162081 586888382 14
9162049 586888382 6
9162034 9162028 6
9162042 9162099 10
9162032 9162009 0
9162059 9162115 3
9162056 9162159 5
9162085 9162056 6
9162087 9162068 2
9162093 9162113 0
9162084 9184024 6
9162009 52814612 0
9162019 9162160 5
9162159 9162042 21
9162113 9162087 10
9162026 9162042 1
9162064 586900421 23
9162009 9162102 1
9162028 586900421 0
9162028 9162040 1
9162038 9162158 15
9162024 9162099 13
9162065 586888382 0
9162042 9162007 12
9162043 9162055 3
9162043 9162103 1
9162025 9162049 0
9162068 9162122 13
9162071 9162027 1
9162122 9162110 12
9162012 9162090 4
9162028 9162030 23
9162058 783176708 55
9162001 9162037 9
9162064 9162068 2
9162040 9162007 14
9162079 9162159 5
9162049 783176672 0
9162084 9162042 12
9162062 9162010 6
9162160 9162064 9
9162110 9162026 3
9162085 9162115 5
9162028 783095006 2
9162064 9162107 4
9162028 9162085 7
9162062 9162034 2
9162055 9162038 14
9162065 52814612 1
9162040 9162043 5
9162084 9162059 1
9162099 9184003 1
9162049 9162019 6
9162079 9162062 0
9162090 9162102 7
9162010 9162071 17
9162079 9162158 1
9162040 9162038 7
9162071 9162028 12
9162009 9162079 10
9162004 9162159 4
9162037 9162034 9
9162107 9162040 20
9162043 9162016 3
9162160 783176672 0
9162012 9162034 20
9162131 9162009 3
9162079 9162042 4
9162027 9162009 0
9162159 9162160 12
9162158 9162055 14
9162027 783176672 0
9162037 9162009 19
9162159 9162030 10
9162037 783176672 87
9162113 9162077 3
9162004 52814612 4
9162032 9162087 3
9162009 9184024 0
9162068 9162113 6
9162026 9162062 2
9162024 9162042 7
9162028 9162004 30
9162042 9162001 1
9162007 9162055 5
9162099 9162042 1
9162159 9162058 1
9162062 9162102 16
9162126 9162056 3
9162004 9162028 44
9162077 554321029 13
9162158 9162065 6
9162040 9162032 1
9162004 9162110 20
9162071 9162068 24
9162001 9162122 26
9162055 9162012 0
9162103 9162049 4
9162012 9162001 3
9162081 9184003 0
9162103 9162077 0
9162087 9162040 6
9162065 9162158 14
9162107 9162043 4
9162042 9162159 4
9162024 783176672 29
9162081 9162103 12
9162022 9162085 82
9162071 9162037 8
9162021 9162085 13
9162025 9162032 1
9162093 9162009 0
9162115 9162079 33
9162016 774028738 37
9162010 9162087 11
9162113 9162110 1
9162110 9162034 7
9162030 9162102 5
9162049 586900421 24
9162107 9162065 1
9162131 52814612 22
9162007 783176672 4
9162068 9162064 16
9162084 9162160 9
9162010 774028738 65
9162066 9162021 6
9162093 9162158 27
9162159 9162107 6
9162090 9162113 5
9162079 9162032 17
9162038 9162004 6
9162068 9162102 9
9162022 9162034 29
9162004 9162024 10
9162093 9162007 0
9162055 9162113 8
9162040 9162022 17
9162059 9162026 3
9162160 9162026 3
9162010 9162079 32
9162115 9162158 0
9162028 9162099 9
9162158 9162056 0
9162038 783095006 7
9162043 9162019 17
9162110 9162056 3
9162099 9162055 5
9162035 9162025 3
9162056 9162122 1
9162093 586888382 0
9162122 774028738 11
9162025 9162084 6
9162012 9162077 441
9162042 9162037 0
9162032 9162066 12
9162042 9162040 18
9162158 9162058 6
9162126 52814612 6
9162085 784358748 37
9162107 9162042 20
9162016 783176708 17
9162113 9162066 12
9162032 9162099 3
9162059 9162084 6
9162160 9162077 5
9162025 9162042 0
9162040 9162054 3
9162042 9162107 30
9162113 9162099 3
9162085 9162042 3
9162103 9162065 7
9162064 9162102 0
9162028 9162077 11
9162081 9162021 0
9162087 9162026 1
9162081 9162049 0
9162010 9162038 19
9162047 784358748 11
9162054 9162038 27
9162090 9162068 2
9162055 9162021 5
9162085 52814612 23
9162026 9162012 3
9162079 9162122 15
9162037 52814612 1
9162065 9162160 7
9162085 9162065 2
9162028 554321029 0
9162043 9162079 3
9162028 9162027 4
9162056 9162064 16
9162032 9162049 7
9162065 9162119 17
9162122 9162022 2
9162034 9162113 24
9162071 9162110 1
9162102 9162010 7
9162012 9162079 15
9162026 9162113 11
9162090 9162026 6
9162159 774028738 4
9162038 9162042 0
9162012 9162085 4
9162077 9162158 7
9162010 9162059 12
9162035 9162102 8
9162047 52814612 17
9162040 52814612 40
9162062 9162079 5
9162037 9162087 9
9162113 9162021 8
9162102 9162059 3
9162090 9162119 12
9162110 9162085 7
9162113 9184003 2
9162022 9162122 3
9162022 9162059 17
9162066 9162115 28
9162099 9162126 10
9162004 9162079 4
9162009 9162058 11
9162115 774028738 27
9162022 9162065 42
9162119 9162131 1
9162071 9162131 3
9162038 9162115 1
9162001 9162021 7
9162064 9162009 0
9162084 783095006 2
9162043 9162059 9
9162110 9162066 5
9162042 9162062 23
9162035 9162021 0
9162081 9162160 4
9162007 9162010 3
9162012 9162047 1
9162103 9162107 4
9162102 554321029 33
9162016 9162090 16
9162032 819400248 1
9162058 9162068 5
9162047 783176672 3
9162040 9162110 16
9162028 783176708 54
9162007 9162042 7
9162054 783176672 0
9162066 9162102 1
9162007 9162001 6
9162059 9162001 8
9162115 9162058 18
9162026 9162016 10
9162032 9162159 5
9162009 9162034 23
9162059 9162065 8
9162071 9162158 3
9162032 9162043 3
9162037 9162038 6
9162077 9162159 21
9162042 9162026 12
9162054 9162059 17
9162012 9162016 49
9162122 9162010 0
9162019 9162043 5
9162122 52814612 4
9162099 783095006 0
9162042 9162102 16
9162042 9162158 3
9162028 9162059 9
9162016 9162065 7
9162030 9162047 14
9162058 9162066 11
9162085 9162062 2
9162093 9162021 12
9162054 774028738 1
9162034 52814612 0
9162113 9162055 3
9162079 9162126 3
9162081 9162056 4
9162103 9162028 2
9162084 9162103 6
9162113 52814612 7
9162010 9162037 8
9162107 9162022 6
9184003 9162043 0
9162077 9162059 2
9162103 9162160 10
9162068 9162024 3
9162038 9162049 4
9162066 586888382 20
9162055 9162103 17
9162068 9162107 2
9162019 9162107 18
9162059 9162159 4
9162071 586900421 1
9162068 9162103 9
9162159 9162009 5
9162068 9162158 2
9162025 9162012 14
9162040 9162058 17
9162021 9162122 8
9162113 784358748 13
9162019 9184003 25
9162042 9162077 3
9162102 9162024 2
9162090 9162055 1
9162119 586900421 26
9162007 9162056 4
9162103 9162043 0
9162056 9162110 7
9162024 9184005 9
9162059 9162016 20
9162043 9162115 6
9162047 9162058 14
9162022 9162107 102
9162001 9162030 3
9162087 9162102 5
9162113 9162025 14
9162028 9162055 4
9162059 9162042 6
9162034 9162049 6
9162042 783176708 7
9162110 9162049 1
9162001 9162055 0
9162090 9162009 3
9162054 9162026 2
9162113 9162043 3
9162071 9162010 0
9162040 9162021 27
9162103 9162159 0
9162081 9162064 2
9162099 9162016 15
9162158 9162035 5
9162009 9162066 14
9162099 9162035 3
9162158 9162009 15
9162066 9162038 4
9162115 9162047 4
9162038 9162012 7
9162032 9162102 10
9162115 9162019 1
9162030 9162090 6
9162004 9162026 42
9162028 9162079 12
9162065 9162103 4
9162030 9162065 2
9162066 9162042 6
9162024 9162007 0
9162160 9184024 0
9162021 9162126 3
9162115 9162064 26
9162066 9162077 8
9162059 9162037 12
9162032 9162062 7
774028738 9162090 10
52814612 783095006 25
774028738 9162021 9
783176672 9162025 9
783176672 783176708 46
586888382 9162158 2
586888382 9162085 18
586888382 9162110 12
819400248 586900421 63
783176672 9162126 21
819400248 9162054 1
783095006 52814612 3
783095006 9162110 8
554321029 9162158 9
554321029 9162022 0
554321029 819400248 13
554321029 52814612 7
554321029 9162113 77
783095006 586900421 18
554321029 783095006 10
783095006 9162047 13
554321029 9162010 21
783095006 9162027 12
783095006 9162084 2
783176708 9162107 2
783095006 784358748 24
783176708 9184005 5
819400248 9162034 40
783176708 9162081 46
783176708 9162016 49
784358748 9162007 29
784358748 9162087 28
784358748 9162085 16
784358748 9162122 51
784358748 9162119 8
784358748 9162131 8
784358748 9162037 37
586900421 52814612 18
586900421 783095006 26
784358748 9162115 14
586900421 9162032 26
784358748 783095006 4
783176672 783095006 9
586900421 9184024 74
774028738 9162056 16
9162119 9162009 12
9162119 9162093 5
9162119 9162087 12
9162119 52814612 16
52814612 9162093 64
9184003 9162099 63
9184003 9184018 61
9184003 9162054 1
9184003 9162066 7
9184005 9162034 10
9184005 9162066 37
9162024 9162047 29
9162024 9162028 20
9162024 586888382 16
9162024 9162071 7
9162024 9162085 17
9162024 9162159 14
9162030 9162081 28
9162119 9162102 225
9184005 9162016 49
9184005 9162110 1
783176708 9162084 36
783095006 9162090 0
52814612 9162102 24
774028738 9162126 21
819400248 783176672 637
9162081 9162034 15
9184018 9162068 12
9184018 9162042 6
9184018 783176672 40
9184018 9162012 8
9162081 9162012 1
9162081 9162027 9
9184018 9162010 0
9162081 9162158 6
9184003 9162122 5
9162024 9162037 4
9162024 9162034 13
9184005 9162019 0
9184024 784358748 10
9184024 9162025 26
9184024 9162077 8
9184024 9162030 10
9184024 9162034 15
9184024 9162047 13
9184024 9162160 0
9184024 9162024 15
9184024 9162090 10
9184024 9162068 9
9184024 9162066 3
9184024 9162110 23
9184024 9162084 10
9184024 9162010 30
9184024 9162037 7
9184024 9162099 0
9184018 819400248 53
9162081 9162042 0
9162115 783176672 12
9184018 9162021 4
9184018 9162064 3
819400248 9162122 25
554321029 9162001 7
586900421 9162085 25
9162122 9162158 3
586900421 9162062 28
52814612 9162032 0
9162056 9162042 5
9162093 9162026 8
9162077 9162022 0
9162084 9162038 2
9162059 9162110 19
9162007 9162122 1
9162043 9162024 11
9162034 9162037 6
9162007 9162110 3
9162038 9184003 10
9162064 9162034 5
9162122 586888382 107
9162026 52814612 11
9162077 9162007 0
9162035 819400248 14
9162001 9184018 5
9162099 9162009 1
9162159 9162158 11
9162093 9162071 4
9162047 9162068 4
9162093 9162037 8
9162043 9162026 0
9162027 9162016 0
9162040 9184005 8
9162058 774028738 20
9162087 9162001 5
9162071 9162064 7
9162025 9184003 7
9162058 9162016 6
9162022 9184018 17
9162102 9162037 8
9162047 9162016 57
9162107 783176672 23
9162160 9162035 0
9162022 9162119 34
9162034 9184018 7
9162037 9162079 10
9162037 9162077 3
9162065 9162047 4
9162062 9162068 9
9162054 9162055 0
9162066 9162035 5
9162038 9162024 0
9162065 9162040 30
9162007 9162037 16
9162103 9162019 6
9162019 783176708 0
9162107 9162059 4
9162099 9162043 0
9162126 9162115 6
9162158 9162054 12
9162030 9162040 41
9162022 9162062 36
9162032 9162010 31
9162019 9162064 6
9162042 9162030 3
9162025 9162062 3
9162085 9162038 1
9162054 9162103 0
9162084 9162028 2
9162026 9162081 11
9162131 586900421 0
9162085 9162064 8
9162058 9162160 12
9162054 819400248 0
9162064 52814612 13
9162113 9162102 21
9162040 9162059 33
9162026 9162022 8
9162158 9162062 1
9162110 9162160 14
9162065 9162071 14
9162102 9162068 2
9162126 9162047 6
9162099 9162068 6
9162004 9162058 21
9162068 783176672 0
9162062 52814612 5
9162056 9184003 36
9162032 9162079 23
9162021 9162035 1
9162058 784358748 5
9162043 9162099 1
9162030 9162159 3
9162007 9162159 0
9162019 9162087 6
9162012 9162032 31
9162034 9162054 0
9162160 9162107 10
9162085 9162028 11
9162159 9162110 1
9162022 783095006 2
9162038 9162077 1
9162040 9162084 4
9162126 586900421 4
9162058 9162065 3
9162066 9162010 0
9162099 9162160 19
9162010 9162122 12
9162032 9162160 2
9162084 9162012 6
9162071 9162032 6
783176672 819400248 4
9162035 9162007 3
9162025 9162059 3
819400248 783176708 1
9162032 9162131 0
9162079 9162035 10
9162085 9162159 7
9162022 9162093 80
9162009 9162007 31
9162038 52814612 1
9162126 9162058 3
9162071 9162099 0
9162025 9162047 2
9162065 9162054 7
9162010 9162043 9
9162049 9162012 10
9162159 9162122 7
9162040 9162122 1
9162054 9162022 1
9162081 9162019 2
9162038 9162087 0
9162055 9162160 10
9162071 9162059 8
9162043 9184024 0
9162079 9162090 4
9162099 9162049 2
9162016 819400248 6
9162007 9162079 1
9162038 9162028 18
9162115 52814612 2
9162021 9162099 11
9162049 9162037 0
9162054 586900421 22
9162158 9162068 0
9162054 9162066 0
9162034 9162077 1
9162131 9162040 4
9162055 586900421 7
9162131 9162160 0
9162071 9162049 2
9162065 9162085 0
9162126 9162019 15
9162066 9162026 6
9162024 9162079 10
9162056 9162030 3
9162160 9162037 6
9162068 9162016 1
9162024 9162054 15
9162126 9162064 0
9162040 9162049 9
9162058 9184003 0
9162035 52814612 1
9162084 9162035 0
9162122 554321029 0
9162056 774028738 0
9162068 9162032 5
9162085 9162160 12
9162087 783095006 5
9162025 783176672 7
9162093 9162058 0
9162037 9162032 3
9162058 9162010 6
9162022 9162001 9
9162009 9162068 56
9162159 9162026 7
9162122 9162107 0
9162077 9162049 0
9162159 554321029 19
9162012 9184018 33
9162034 9162115 19
9162122 9162079 14
9162087 9184003 9
9162159 9162071 26
9162001 9162026 1
9162122 9162062 7
9162025 9162079 19
9162158 9162032 6
9162062 9162024 5
9162093 783176672 1
9162056 9162016 43
9162026 9162087 3
9162077 9162019 3
9162064 9162126 0
9162021 9162030 0
9162037 9162066 2
9162047 9162062 0
9162103 9184024 2
9162032 9162024 8
9162004 9162037 18
9162042 9162122 7
9162004 9162062 16
9162001 9162079 3
9162131 9162158 5
9162054 9162079 2
9162099 9184024 1
9162062 9162087 3
9162068 9162065 9
9162054 9162071 5
9162065 9162159 1
9162040 9162087 8
9162122 9162032 3
9162110 9184018 1
9162012 9162119 65
9162102 9162049 9
9162054 9162160 6
9162110 784358748 13
9162064 9162049 6
9162102 9162034 7
9162009 9162025 4
9162024 9162010 16
9162066 9162016 7
9162019 9162025 15
9162158 9162001 0
9162071 9162055 3
9162122 9162065 3
9162081 9162025 7
9162158 9162030 6
9162068 9162001 3
9162010 9162085 36
9162024 783095006 2
9162087 9162107 2
9162047 9162085 4
9162001 9162010 14
9162126 9162158 4
9162037 9162055 2
9162058 9162110 1
9162122 9162077 5
9162090 9162034 0
9162110 819400248 13
9162110 9162021 12
9162159 9162059 3
9162110 9162040 16
9162079 9162025 17
9162054 9162007 10
9162160 9162122 2
9162159 9162025 17
9162007 9162071 7
9162038 9162102 3
9162038 586900421 0
9162030 9184005 10
9162065 9162025 3
9162010 9162062 5
9162115 586900421 0
9162077 586900421 1
9162010 9162047 36
9162059 9162085 11
9162160 9162062 2
9162071 9162065 0
9162055 9162099 10
9162007 9162113 7
9162056 9162019 5
9162064 9162159 9
9162085 9162102 8
9162054 783176708 6
9162021 9162159 3
9162099 9162064 12
9162026 9162099 3
9162038 9162110 7
9162099 9162071 6
9162102 9162107 19
9162012 774028738 41
9162055 9162016 72
9162126 9162012 14
9162062 9162054 5
9162079 9162007 4
9162012 9162064 27
9162025 9162034 17
9162079 9162087 8
9162022 9162043 33
9162110 9162024 3
9162084 9162022 14
9162007 9162021 8
9162115 9184005 11
9162113 9162049 1
9162066 9162107 0
9162001 9162043 0
9162131 9162022 8
9162159 783176708 11
9162159 9162049 5
9162068 9162099 0
9162055 9162040 2
9162047 9162038 4
9162158 819400248 11
9162099 9162158 0
9162037 9162010 23
9162113 9162064 10
9162099 9162085 3
9162107 9162028 1
9162027 9162004 53
9162047 783176708 28
9162047 819400248 5
9162054 9162102 2
9162055 9162087 7
9162019 9162058 11
9162107 9162026 4
9162062 9162056 9
9162058 9162102 7
9162122 586900421 48
9162026 9162040 2
9162035 9162056 1
9162038 9162071 5
9162159 9162034 3
9162077 9162122 0
9162090 9162066 11
9162043 9162110 12
9162034 9162058 0
9162062 9162084 11
9162084 783176672 12
9162084 9162037 8
9162084 9162021 0
9162054 9162065 5
9162054 9162012 15
9162107 9162103 0
9162077 774028738 5
9162024 9162131 12
9162034 586888382 7
9162042 9162079 4
9162107 9162037 10
9162007 9162066 0
9162021 9162025 8
9162022 819400248 0
9162085 9162113 10
9162056 9162034 27
9162077 9162064 2
9162079 9162107 4
9162062 9162058 8
9162019 9162084 13
9162126 9162038 1
9162038 9162066 4
9162059 784358748 5
9162099 9162159 2
9162038 9162034 1
9162035 9162024 0
9162160 9162159 10
9162126 9162159 1
9162099 9162062 0
9162047 9162043 9
9162047 9162059 12
9162040 9162160 17
9162043 9162084 2
9162054 9162021 5
9162084 9162016 22
9162085 9162068 4
9162115 586888382 29
9162110 9184005 1
9162037 9162007 6
9162102 9162158 2
9162032 9162084 18
9162066 9162099 14
9162024 9162027 0
9162054 783095006 18
9162122 9162059 7
9162025 783176708 26
9162071 9162054 2
9162103 9162056 7
9162035 9162026 0
9162093 52814612 3
9162040 9162028 1
9162034 586900421 1
9162071 9184003 2
9162099 9162056 4
9162077 9162025 2
9162019 9162068 2
9162037 554321029 6
9162016 9184024 3
9162055 9162071 1
9162007 774028738 0
9162113 9162032 14
9162071 9162022 0
9162107 9162064 8
9162047 9162159 0
9162093 9162103 3
9162107 9162131 2
9162084 9162040 0
9162122 9162038 2
9162009 9184018 41
9162131 9162122 4
9162113 9162058 5
9162022 9162081 11
9162090 9162019 6
9162122 9162085 6
9162034 9162026 11
9162040 9162026 1
9162099 9162037 8
9162107 9162079 3
9162068 9162049 5
9162009 783095006 5
9162022 9162113 14
9162028 9162160 40
9162077 9162084 2
9162037 9162027 2
9162001 9162034 14
9162103 9162007 27
9162103 586900421 20
9162043 9162068 1
9162019 9162066 10
9162019 9162090 8
9162009 9162122 1
9162040 783095006 0
9162047 9162071 1
9162087 9184024 0
9162022 774028738 97
9162079 9162099 5
9162071 774028738 25
9162026 9162055 2
9162056 9162102 5
9162004 9162131 9
9162034 783176708 7
9162004 9162019 15
9162113 9162030 8
9162035 9162042 5
9162019 9162119 1
9162027 9162079 10
9162113 9162019 5
9162122 9184024 0
9162079 9162065 0
9162007 9162160 2
9162081 9162016 5
9162068 9162047 1
9162038 9162103 0
9162042 9162081 3
9162068 586888382 9
9162025 9162066 12
9162062 9184003 4
9162042 9162058 15
9162077 9184024 5
9162034 9162071 4
9162090 783176708 20
9162021 9162077 7
9162084 9162087 0
9162126 9162065 12
9162064 9162110 9
9162047 9162119 12
9162035 9184018 13
9162160 9162115 9
9162025 9184024 5
9162159 9162056 5
9162019 9162103 14
9162010 9162026 6
9162054 9162016 7
9162055 774028738 2
9162079 9162056 0
9162131 783095006 21
9162019 586888382 12
9162068 9162035 3
9162016 9162007 5
9162030 52814612 20
9162019 9162115 11
9162047 9162028 0
9162066 9162030 13
9162049 9162010 6
9162037 9162001 3
9162084 9162079 4
9162037 9162102 1
9162066 554321029 2
9162026 9162102 0
9162025 9162058 0
9162030 9162126 7
9162102 9162081 3
9162064 9184018 10
9162042 9162126 1
9162040 9162071 10
9162035 9162034 2
9162056 9162028 2
9162058 9162126 3
9162009 9162110 6
9162115 9184003 1
9162027 9162024 0
9162037 9162065 3
9162054 9162158 9
9162010 9162084 14
9162037 9162019 2
9162026 9162093 4
9162099 9162025 11
9162049 9162043 10
9162093 9162047 10
9162064 9162040 17
9162131 9162034 8
9162064 783095006 1
9162038 9162065 0
9162025 9162037 9
9162010 9162028 0
9162159 9162007 1
9162042 9162021 29
9162093 9162032 6
9162110 9162113 4
9162012 9162028 10
9162040 9162047 11
9162021 9162001 8
9162159 783176672 5
9162037 9162022 8
9162043 9162087 9
9162090 9184018 10
9162158 9162093 9
9162107 9162047 12
9162030 9162022 9
9162084 9162026 9
9162032 783176672 3
9162021 9162079 7
9162126 9162034 8
9162004 9162085 11
9162004 9162022 12
9162019 9162071 7
9162026 9162064 0
9162159 9162055 5
9162022 9162099 51
9162038 9162040 2
9162093 9162126 3
9162058 9162037 0
9162059 9162107 0
9162022 9162064 14
9162043 9162159 1
9162001 9184024 0
9162034 9162056 2
9162093 9162102 1
9162056 9162068 10
9162090 9162087 22
9162059 9184003 21
9162107 9184018 2
9162159 9162090 2
9162102 586900421 1
9162056 9162160 1
9162049 9162065 0
9162034 774028738 2
9162068 9162026 3
9162066 783176708 7
9162022 9162066 18
9162024 9162113 2
9162019 9162037 1
9162065 9162122 4
9162010 9162065 4
9162064 9162026 13
9162107 9162016 32
9162102 9162047 12
9162035 9162159 11
9162081 9162093 1
9162058 9162064 10
9162119 9162084 27
9162131 9162019 4
9162099 9162090 3
9162043 819400248 4
9162126 9184018 3
9162068 9184018 30
9162021 9162024 7
9162035 586900421 42
9162026 9162058 0
9162035 9162158 5
9162009 9162119 1
9162056 9162065 21
9162038 9162119 21
9162062 9162059 8
9162090 9162158 11
9162027 9162042 0
9162025 9162021 5
9162115 9162032 14
9162081 784358748 5
9162035 9162066 8
9162004 554321029 29
9162038 9162099 7
9162024 9184003 45
9162113 9162035 4
9162035 9162037 0
9162068 9184003 6
9162126 9162059 5
9162043 9162027 0
9162085 819400248 10
9162107 9162110 2
9162040 9162035 0
9162066 9162122 9
9162040 9162030 57
9162090 9162007 9
9162099 9162007 0
9162035 9162085 15
9162019 9162040 13
9162087 9162071 15
9162007 9162065 2
9162034 9162126 0
9162055 783095006 26
9162049 783095006 1
9162099 9162047 11
9162030 9162099 10
9162099 9162038 15
9162122 9162028 10
9162071 9162030 4
9162043 9162001 4
9162012 9162158 3
9162062 9162026 4
9162054 9162122 1
9162122 9162056 2
9162032 9162059 5
9162049 9162009 9
9162110 9162054 0
9162049 9162113 2
9162001 9162099 6
9162028 9162038 17
9162026 9162043 5
9162160 9162084 0
9162038 9162037 3
9162009 554321029 5
9162099 9162102 3
9162042 9162054 1
9162038 9162056 1
9162066 9162025 12
9162107 9162007 3
9162054 9162042 0
9162009 9162001 15
9162160 784358748 24
9162009 9162099 52
9162071 9162034 5
9162019 9162099 20
9162037 9162043 2
9162065 9162007 2
9162103 9162038 13
9162113 774028738 3
9162035 9162054 2
9162090 9162122 21
9162032 9162126 4
9162122 9162030 17
9162043 9162030 4
9162099 9162022 21
9162025 9162122 9
9162113 9162079 22
9162054 9162019 3
9162032 9162047 3
9162071 9162001 4
9162099 9162087 13
9162065 819400248 8
9162030 9162064 32
9162042 9162043 1
9162090 9162110 1
9162010 9162049 44
9162064 9162071 10
9162090 554321029 2
9162054 9162099 4
9162065 9162102 9
9162103 9162030 5
9162079 9162026 15
9162159 9184003 6
9162047 9162042 18
9162034 9162160 2
9162131 9162028 1
9162004 9162010 57
9162034 9162042 3
9162081 9162159 3
9162058 9162043 1
9162035 9162010 15
9162056 9162007 13
9162107 9162049 6
9162056 9162062 17
9184003 9162028 9
9162056 9162049 1
9162084 819400248 5
9162004 784358748 14
9162113 9162081 0
9162160 9162068 6
9162025 9162068 1
9162119 9162160 6
9162115 9162066 30
9162038 9162007 1
9162009 9162064 10
9162122 9162090 11
9162024 9162012 21
9162077 9162043 13
9162062 9162160 20
9162115 9162062 88
9162030 586900421 22
9162122 9162058 4
9162025 9162081 10
9162030 9162107 12
9162090 9162059 1
9162038 9184018 1
9162009 9162062 13
9162034 9162119 9
9162081 9162062 3
9162055 9162158 4
9162007 9162038 3
9162079 9162043 32
9162093 9162027 8
9162066 9162085 1
9162093 9184018 25
9162122 9162001 6
9162012 9162026 3
9162030 9162054 3
9162068 9162110 0
9162160 9162038 4
9162012 9162037 41
9162071 9162081 0
9162040 9162068 2
9162030 9162024 6
9162038 9162084 2
9162131 9162115 0
9162093 9162066 1
9162024 9162001 22
9162122 9162064 10
9162001 9162084 2
9162040 9162019 2
9162022 9162071 18
9162024 9162087 11
9162107 9162066 5
9162022 9162028 42
9162160 586900421 13
9162119 9162040 6
9162087 9162113 13
9162059 9162058 11
9162009 9162085 8
9162113 9162007 11
9162131 9162055 2
9162019 9162110 8
9162025 9162087 3
9162085 554321029 9
9162103 9162085 5
9162047 586888382 0
9162102 9184003 1
9162062 9162047 15
9162035 9162110 4
9162160 9162001 0
9162004 9162043 0
9162065 9162009 9
9162022 9162131 2
9162068 9162025 10
9162084 9162019 10
9162043 9162093 3
9162119 9162035 59
9162032 9162122 1
9162103 9162079 0
9162113 9162107 7
9162102 52814612 7
9162040 9162077 3
9162030 9162016 1
9162110 9184024 5
9162087 783176672 0
9162122 9162049 5
9162009 9162087 6
9162034 9162158 0
9162047 9162010 51
9162030 819400248 27
9162040 586900421 13
9162004 9162122 3
9162099 9184018 1
9162110 9184003 1
9162160 9162113 5
9162027 9184005 3
9162062 9162043 14
9162040 9162066 26
9162064 9162037 6
9162027 9162066 1
9162071 9162077 24
52814612 9162131 68
52814612 9162055 1
586888382 9162024 24
586888382 9162022 10
586888382 9162027 0
586888382 9162079 98
586888382 9162084 15
783176672 9184024 40
586888382 9162035 24
586888382 9162062 57
783176672 52814612 25
783176672 9162022 17
586888382 9162034 49
819400248 784358748 45
819400248 9184005 9
819400248 9162090 2
554321029 9162107 9
554321029 9162016 4
554321029 9162056 7
783095006 9162056 10
783095006 9162058 62
554321029 9162085 50
783095006 9162022 13
554321029 9162093 18
783095006 9184003 0
783176708 9184003 5
819400248 9162085 3
819400248 9162030 9
784358748 9184024 57
784358748 9162126 2
784358748 9162062 57
784358748 9162090 24
784358748 9162054 12
784358748 9162035 113
784358748 9162093 50
784358748 9162065 6
783176672 9162049 12
586900421 9162093 21
774028738 9162007 2
9162119 9162081 47
9162119 9162049 3
9162119 9184003 22
52814612 9162081 14
774028738 9162054 1
9162119 9162016 11
9162119 9162085 8
9162119 9162159 3
9162119 9184024 17
9162119 9162055 46
9184003 9162047 49
9184003 9162037 5
9184003 9162102 28
9184003 9162077 2
9184003 9162049 5
9184003 9162026 6
9184005 9162047 28
9184005 9162035 3
9184005 9162126 50
9184005 9162009 9
9184005 9162007 56
9184005 9162085 28
9162024 554321029 25
9162024 9162084 20
9162024 9162102 5
9162024 9162093 17
9162024 9162025 12
9162024 9162119 67
9162024 9162115 2
9162119 9162043 9
9162030 784358748 6
9184005 9162087 45
9184005 9162113 118
9184005 9162068 21
9184005 9162062 10
9184005 9162090 7
9184005 9162043 30
52814612 9162084 46
819400248 9162126 13
9184018 9184003 15
9162081 9162131 0
9162081 9162079 8
9184003 9162001 4
9184003 9162110 39
9184003 9162025 57
9162024 9162065 1
9184005 9162028 12
9184005 9162160 4
9184005 9162093 8
52814612 9162058 13
52814612 9162126 10
9184024 9162093 12
9184024 9162038 0
9184024 9162113 7
9184024 9162049 5
9184024 9162009 287
9184024 554321029 104
9184024 9162081 19
9184024 9162062 8
9184024 9162065 5
9184024 9162122 6
9184024 9162055 0
9162081 9162087 0
9162081 9162084 3
9162115 9162107 41
9162115 9184024 1
9162115 9162068 5
9162115 9162093 0
9162115 9162065 17
9184018 9162058 1
9184018 9162131 5
819400248 9162043 4
819400248 9162084 13
819400248 9162159 33
819400248 9162107 41
774028738 9162035 15
554321029 9162009 3
554321029 9184003 11
52814612 819400248 31
783176672 9162019 67
9162032 9162065 1
9162119 9162025 48
9162065 9162077 3
9162038 9162090 0
9162004 9162090 5
9162016 9162056 6
9162034 9162059 4
9162019 9162102 4
9162034 9162110 5
9162024 9162021 28
9162032 9162027 4
9162024 9162022 63
9162040 9162034 1
9162001 9162110 5
9162079 9162093 16
783176672 9162159 36
784358748 9162084 13
9162024 819400248 25
783176672 9162043 23
9162077 9162010 6
819400248 774028738 93
819400248 9162028 14
9162004 9162158 26
9162028 783176672 5
9162085 9162071 5
9162027 9162159 1
9162055 9162026 0
9162010 554321029 15
9162059 9162071 4
9162068 9162055 6
9162040 9162065 2
9162040 9162093 0
9162030 9162019 3
9162068 9184024 6
9162126 783176708 95
9162032 9162055 1
9162019 783176672 44
9162065 9162113 15
9162064 9162113 18
9162093 9162077 11
9162059 9162062 8
9162068 9162028 13
9162054 9162126 18
9162047 9162021 18
9162028 9162065 1
9162087 9162085 0
9162019 9162065 5
9162062 9162022 20
9162107 9162081 0
9162064 9162081 1
9162085 9162107 3
9162038 9162058 0
9162058 9162025 4
9162087 784358748 0
9162090 9162001 1
9162068 9162054 0
9162068 9162058 1
9162040 9162099 8
9162064 783176672 2
9162087 9162122 1
9162049 9162087 1
9162034 9162024 3
9162027 9162158 0
9162062 9162090 2
9162159 9162131 7
9162007 9162068 5
9162059 9162054 1
9162012 9162126 8
9162035 9162084 0
9162037 9162040 3
9162064 9162024 2
9162131 9162079 2
9162058 9162007 7
9162034 9162079 0
9162093 9162049 4
9162068 9162126 4
9162115 9162081 7
9162022 9162084 6
9162025 9162030 6
9162034 9162035 16
9162110 9162081 10
9162007 9162077 8
9162122 9162084 3
9162058 9162030 1
9162054 9162081 4
9162055 9162058 3
9162059 9162099 3
9162019 9162032 4
9162107 9162056 4
9162054 9162037 23
9162027 9162064 2
9162043 9162064 10
9162058 9162077 9
9162065 9162021 5
9162122 9184005 3
9162107 9162068 2
9162084 9162054 4
9162090 9184024 6
9162126 9162001 0
9162068 784358748 0
9162064 9162021 16
9162065 9162019 10
9162035 9162090 1
9162059 9162025 8
9162034 9162022 3
9162066 9162159 1
9162159 9162035 6
9162126 9162102 0
9162058 9162113 17
9162090 9162071 7
9162068 9162071 14
9162004 9162056 9
9162027 9162126 1
9162038 9162021 29
9162038 9162030 3
9162065 9162110 8
9162113 9162131 2
9162079 9162047 7
9162093 9162016 9
9162025 9162085 5
9162040 774028738 8
9162059 9162030 0
9162099 9162058 4
9162087 9162047 5
9162001 9162056 2
9162159 9162102 0
9162012 9162056 29
9162040 9162090 3
9162159 9162047 8
9162131 9162081 0
9162058 9162107 3
9162084 9162065 4
9162056 9162047 3
9162055 9162064 9
9162010 9184024 0
9162059 9162090 11
9162028 9162090 15
9162042 9162068 20
9162009 9162160 18
9162064 9162122 5
9162093 9162035 4
9162103 9162035 4
9162027 586888382 3
9162049 784358748 8
9162032 9162056 0
9162084 784358748 25
9162084 554321029 13
9162007 783095006 19
9162066 9162037 11
9162077 9162016 0
9162049 9162059 0
9162016 9162001 6
9162025 586900421 28
9162131 784358748 6
9162047 9162126 3
9162049 783176708 18
9162066 9162024 0
9162107 9162030 1
9162084 9184005 0
9162084 9162077 3
9162077 9162126 0
9162004 9162084 7
9162113 9162084 16
9162055 9162056 2
9162047 9162037 9
9162126 9162007 1
9162081 783176672 0
9162032 9162093 2
9162027 9162040 1
9162056 9162093 0
9162034 9162007 0
9162043 9162022 0
9162024 9162068 5
9162126 9162087 5
9162049 9162115 9
9162066 9162049 7
9162019 9162131 8
9162103 9162110 16
9162110 9162037 1
9162042 9162032 2
9162066 9162001 0
9162066 9162059 4
9162066 9184003 1
9162071 9162035 6
9162079 9184005 8
9162058 9162054 1
9162032 784358748 4
9162084 774028738 7
9162038 9162019 1
9162122 9162024 0
9162058 9162159 2
9162102 9184018 13
9162012 9162019 34
9162007 9162016 6
9162027 9162032 5
9162004 9162035 4
9162027 9162113 16
9162047 9162030 0
9162047 9162035 1
9162077 9162131 2
9162126 9162107 0
9162010 9162115 53
9162110 9162065 1
9162012 9162099 9
9162158 9162090 6
9162055 9162054 0
9162062 9162131 11
9162131 819400248 13
9162038 9162016 16
9162058 9162047 1
9162062 9162055 8
9162055 9162049 8
9162016 9162028 1
9162126 9162113 17
9162021 9162049 0
9162122 9162016 14
9162122 9162042 1
9162159 819400248 7
9162064 9162032 2
9162056 9162090 0
9162035 9184024 2
9162028 9162081 1
9162093 9162010 14
9162099 9162093 3
9162056 9162022 1
9162093 9162040 1
9162056 9162043 17
9162037 9162107 1
9162058 9162049 0
9162079 9162028 20
9162084 9162058 3
9162035 9162047 6
9162047 586900421 14
9162068 9162131 4
9162159 9162001 3
9162099 554321029 22
9162065 9162079 6
9162034 784358748 14
9162054 9162077 0
9162034 9162066 2
9162049 9162035 0
9162016 9162093 57
9162068 9162027 1
9162071 9162025 1
9162009 9162056 14
9162028 9162043 4
9162066 784358748 32
9162022 9162090 18
9162068 9162012 18
9162085 9162047 11
9162122 784358748 8
9162090 9184005 0
9162160 9162099 4
9162084 9162043 5
9162068 9162010 15
9162093 9162087 5
9162038 9162079 3
9162001 9162025 4
9162001 9162126 2
9162001 774028738 18
9162007 9162126 6
9162103 9162037 2
9162110 9162159 8
9162107 783095006 6
9162016 9162081 0
9162058 554321029 266
9162026 9162126 5
9162131 9162004 8
9162027 783176708 4
9162010 9162068 6
9162113 9162093 7
9162131 9162010 0
9162055 9162085 4
9162035 9162019 3
9162066 819400248 10
9162126 9162016 2
9162126 9162071 3
9162090 9162022 7
9162099 9162122 17
9162122 9162099 3
9162103 9162122 5
9162027 9162043 0
9162035 9162126 11
9162090 9162099 2
9162158 9162059 4
9162077 9162071 4
9162079 9162016 9
9162032 9162035 4
9162025 9162056 4
9162093 9162110 13
9162077 9184005 2
9162087 783176708 40
9162110 9162007 4
9162028 9162126 2
9162055 9162126 0
9162113 9162159 0
9162019 554321029 10
9162035 9162055 9
9162102 9162113 56
9162056 9162087 5
9162019 9162022 38
9162071 9162021 18
9162126 784358748 6
9162102 9162035 15
9162064 9162042 11
9162035 784358748 22
9162084 9162071 9
9162126 9162028 5
9162027 9162090 0
9162034 554321029 14
9162027 9162049 1
9162043 9162025 10
9162047 9162032 10
9162025 783095006 6
9162131 586888382 0
9162131 9162077 0
9162071 9162085 8
9162028 9162016 0
9162055 9162159 5
9162110 9162087 5
9162110 9162055 1
9162001 9162077 0
9162065 9162028 1
9162004 9162087 8
9162085 9162001 4
9162016 9162035 8
9162037 9162068 20
9162059 9162027 12
9162038 9162035 0
9162122 9162037 8
9162016 9162126 8
9162025 9162110 10
9162131 9162037 1
9162056 9162026 10
9162010 9162126 8
9162126 9162009 0
9162027 9162122 1
9162131 9162032 2
9162032 9162090 0
9162027 819400248 0
9162016 9162131 15
9162064 784358748 0
9162090 9162012 4
9162022 9162056 31
9162159 9162043 1
9162093 9184003 8
9162037 586900421 19
9162007 9162030 1
9162054 9184018 1
9162009 9162131 0
9162084 52814612 6
9162093 783176708 26
9162030 9162084 12
9162058 9162024 2
9162093 9162115 9
9162113 9162054 5
9162065 9162042 1
586888382 819400248 6
9162054 9162010 13
9162049 9162042 0
9162049 9162007 2
9162122 9162019 1
9162122 9162126 7
9162059 9162087 4
9162056 9162084 7
9162001 9162047 9
9162066 9162079 16
9162115 9162027 8
9162054 9162058 0
9162126 9162042 2
9162040 9162107 6
9162160 9162024 1
9162126 819400248 0
9162102 9162026 5
9162126 554321029 4
9162065 9162068 4
9162056 9162131 0
9162043 9162047 10
9162064 9162131 2
9162099 9162079 3
9162022 9162037 66
9162087 9162160 0
9162064 9162085 3
9162113 9162034 5
9162034 9162122 10
9162066 586900421 1
9162066 9162034 4
9162012 9162025 19
9162087 9162049 2
9162131 9162102 0
9162032 9162107 1
9162007 9162093 1
9162093 9162024 0
9162054 784358748 20
9162034 9162065 17
9162110 9162027 8
9162110 9162079 18
9162054 9162047 2
9162028 9162047 0
9162081 586900421 19
9162107 9162077 1
9162004 9162107 10
9162068 9162022 0
9162034 9162009 0
9162066 9162090 5
9162007 9162040 21
9162032 586888382 12
9162007 9162049 3
9162054 9162040 0
9162059 9184005 3
9162004 9162016 47
9162122 9162066 8
9162042 774028738 9
9162034 9162040 1
9162026 9162159 3
9162110 9162077 8
9162099 9162131 0
9162107 9162087 7
9162049 819400248 4
9162093 9162099 2
9162079 9162027 1
9162043 554321029 11
9162019 9162054 13
9162158 9162049 34
9162110 9162059 17
9162025 9162007 4
9162131 9184003 16
9162065 9162043 5
9162090 9162056 3
9162032 9162021 1
9162160 9162055 14
9162102 9162055 7
9162159 9162016 63
9162107 9162126 0
9162038 9162026 11
9162064 9162160 7
9162087 9162158 1
9162001 9162107 15
9162047 9162079 2
9162059 9162034 4
9162056 9162077 0
9162077 9162087 3
9162038 9162131 2
9162028 9162010 0
9162160 9162034 6
9162007 9162022 2
9162009 774028738 13
9162090 9162010 18
9162107 9162090 3
9162058 9162087 2
9162027 9162012 18
9162062 554321029 24
9162093 9162055 3
9162071 9184024 19
9162019 9162028 7
9162027 9162087 0
9162071 9162056 3
9162159 9162093 8
9162064 554321029 6
9162028 9162035 2
9162160 9162028 0
9162007 554321029 0
9162032 9184024 4
9162047 9162077 5
9162019 9184024 1
9162019 9162001 4
9162071 9162122 11
9162107 819400248 6
9162081 52814612 12
9162059 9162066 7
9162058 9162028 1
9162085 9162016 31
9162084 9162159 10
9162042 554321029 0
9162047 9162007 4
9162040 9162024 7
9162062 9162016 42
9162028 9162158 2
9162110 9162122 0
9162090 9184003 5
9162122 9162068 9
9162035 9162065 16
9162065 9162126 4
9162009 9162032 2
9162004 9162054 27
9162019 9162035 5
9162027 9162010 0
9162012 9162159 41
9162047 9162001 3
9162034 9162012 4
9162102 9162022 7
9162131 9162059 4
9162001 554321029 2
9162099 9162077 2
9162065 9162131 0
9162122 9162102 2
9162102 9162019 13
9162090 9162042 23
9162090 9162032 0
9162058 9162034 4
9162047 9162034 2
9162058 9162131 0
9162062 9162110 13
9162028 9162054 1
9162047 9162158 9
9162122 9162021 4
9162085 9162081 7
9162068 9162066 9
9162007 9162087 5
9162028 9162021 0
9162126 9162090 3
9162027 9162077 0
9162160 9162049 1
9162049 9184005 0
9162025 9162131 5
9162025 9162065 1
9162038 9162122 3
9162107 9162032 3
9162035 9162068 20
9162001 9162027 1
9162115 9162087 43
9162038 9162025 5
9162026 9162090 0
9162035 9162012 31
9162016 554321029 35
9162047 554321029 17
9162077 9162099 4
9162126 9162079 0
9162001 9162019 3
9162009 9162054 1
9162047 9162064 9
9162068 586900421 2
9162038 9162059 8
9162066 9162087 2
9162022 554321029 0
9162102 9162065 35
9162010 9162034 54
9162071 9162102 10
9162027 784358748 8
9162055 9162059 14
9162085 9184003 3
9162037 9162110 0
9162099 9162040 0
9162064 9162103 4
9162016 9162043 16
9162110 9162126 6
9162058 9162158 7
9162113 9162065 18
9162026 9184003 1
9162107 9184005 0
9162065 9184003 14
9162079 9162081 10
9162079 9162131 14
9162049 52814612 8
9162055 9162122 0
9162085 9162032 12
9162034 9162102 6
9162087 9162059 7
9162160 9162047 3
9162026 586900421 0
9162040 9184024 22
9162058 9162059 11
9162043 9162009 1
9162085 9162007 7
9162071 9162024 6
9162081 9162054 2
9162019 9162079 4
9162043 9162107 8
9162107 9162085 4
9162110 9162084 13
9162084 9162027 0
9162042 9162093 1
9162038 9162093 1
9162099 9162019 14
9162077 9162085 10
9162079 9162021 11
9162027 9162007 0
9162025 9162071 3
9162081 9162058 1
9162062 9162159 8
9162054 9162119 15
9162028 9162032 4
9162054 9162028 1
9162103 9162126 3
9162007 9162102 12
9162122 9162027 0
9162077 9162056 16
9162107 9162058 12
9162085 9162025 12
9162090 9162016 11
9162159 9162028 0
9162012 9162065 2
9162055 9162065 7
9162064 9162058 1
9162064 774028738 7
9162122 783176672 8
9162049 9162038 6
9162056 9162071 9
9162079 9162040 2
9162025 9162159 19
9162010 9162032 36
9162027 783095006 43
9162102 9162028 1
9162087 9162021 8
9162062 9162032 3
9162093 819400248 25
9162093 9162062 1
9162034 9162087 1
9162085 9162022 4
9162027 9162058 0
9162077 9162068 9
9162035 9162077 15
9162159 9162085 2
9162054 9162113 2
9162054 9162107 6
9162090 9162030 22
9162102 9162016 7
9162034 9162016 1
9162042 9162034 5
9162022 9162032 0
9162010 9162021 55
9162126 9162068 0
9162037 9162122 5
9162027 554321029 4
9162058 9162001 6
9162085 9162030 5
9162049 9162026 1
9162103 9162158 6
9162079 9162084 8
9162049 9162081 7
9162037 9162025 1
9162085 9162040 0
9162085 9162077 4
9162043 9162028 8
9162040 9162027 0
9162035 9162049 2
9162055 9162077 1
9162043 9162071 7
9162126 9162024 4
9162055 9184003 6
9162068 9162093 16
9162009 9162126 41
9162159 9162068 7
9162037 9162099 0
9162058 9162099 12
9162064 9162115 14
9162019 9162085 6
9162084 9162062 5
9162042 9162028 0
9162093 9162068 13
9162065 9162058 0
9162131 9184018 1
9162028 9184003 4
9162065 9162099 0
9162037 9184005 16
9162093 9162043 4
9162049 9162066 1
9162087 9162028 0
9162035 9162059 1
9162064 9162047 8
9162064 9162019 7
9162077 784358748 1
9162085 9162099 25
9162012 9162093 20
9162087 9162110 7
9162071 9162047 11
9162062 9162065 6
9162077 9162107 2
9162056 9162158 27
9162126 9162040 8
9162087 9162010 1
9162058 9162026 3
9162054 9162062 0
9162071 9162084 1
9162062 9162027 4
9162043 9162081 2
9162009 9162065 6
9162087 9162159 1
9162034 9184024 2
9162019 9162126 2
9162035 554321029 6
9162049 9184003 0
9162056 554321029 9
9162087 9162081 0
9162160 9184018 9
9162065 774028738 5
9162055 9162001 4
9162090 9162049 0
9162042 9162027 1
9162084 9162034 11
9162065 9162010 0
9162019 9162030 1
9162007 9184018 2
9162079 9162001 8
9162037 784358748 6
9162085 9162024 3
9162159 9162062 6
9162007 9162035 3
9162058 9162090 3
9162159 9162126 3
9162022 9162126 1
9162007 9162107 5
9162025 9162035 9
9162055 9162030 126
9162026 9162107 4
9162007 9162090 2
9162131 9162090 3
9162047 9184005 0
9162056 9162001 6
9162068 9162085 5
9162068 9162056 19
9162122 9162055 4
9162062 9162035 12
9162087 9162030 0
9162026 9162032 14
9162065 554321029 9
9162004 9162077 111
9162090 9162021 6
9162081 819400248 30
9162038 9162055 12
9162107 9162001 3
9162007 52814612 1
9162037 9162028 0
9162126 9162081 3
9162103 9184003 0
9162084 9162049 1
9162025 9162055 0
9162093 9162159 7
9162037 9184003 6
9162090 9162107 25
9162065 586900421 13
9162054 9162068 0
9162004 9162021 0
9162016 9162032 7
9162058 9162085 3
9162059 9162022 6
9162012 9162054 26
9162160 9162032 5
9162021 9162102 21
9162037 783176708 12
9162110 9162131 1
9162084 9162126 5
9162049 9162158 6
9162103 9162047 14
9162107 9162115 4
9162010 9162093 34
9162085 9162049 0
9162087 9162043 3
9162113 9162085 1
9162028 9162009 1
9162113 9162022 4
9162021 9162081 3
9162055 9184018 1
9162087 9162019 1
9162037 9184018 20
9162087 586900421 3
9162047 9162055 4
9162131 9162119 11
9162122 9184003 1
9162084 9162122 3
9162077 9184003 7
9162056 9162025 5
9162068 9162062 1
9162028 9162058 3
783176672 9184005 10
783176672 9162032 8
52814612 9162035 14
586888382 9162126 35
586888382 9162054 7
586888382 9162119 14
586888382 554321029 3
586888382 783176708 41
554321029 9162019 5
554321029 9162131 13
554321029 9162035 94
819400248 9184024 70
819400248 52814612 27
819400248 9162032 10
784358748 9184005 73
784358748 9162081 47
784358748 9162077 189
784358748 9162030 41
784358748 9162028 35
783176672 9162093 1
783176672 9162027 0
774028738 9162065 11
9162119 784358748 19
9162119 9162090 17
9162119 9162054 1
9184003 783176708 24
9184003 9162119 64
9184003 9162059 34
9184003 9162038 24
9184003 9162081 6
9184003 9162084 18
9184003 9162062 13
9184003 9162090 31
9184003 9162004 513
9184003 9162115 550
9184005 9162102 357
9184005 9162055 99
9184005 9162024 8
9162024 9162062 17
9162024 9162030 16
9162030 783176672 33
9162119 9162024 1
9162030 9162010 27
9162030 9162062 1
9162030 586888382 0
9162119 9162065 1
9162030 9162056 12
9162030 9162049 10
9162030 9162093 25
9184005 9162042 7
9184005 9162065 0
9184005 9162027 15
9184005 9162159 11
9184005 9162049 26
783176708 9162093 19
774028738 9184003 35
9162081 9162024 10
9162081 9162126 10
9184018 9162001 16
9162081 9162001 1
9162081 9162066 10
9184005 9184003 0
9184003 9162131 6
9184003 9162064 15
9184003 9162027 4
9184003 9162040 7
9184003 9162085 238
9184003 9162030 22
9184003 9162022 8
9162024 9162107 15
9162024 9162090 0
9162024 9162032 6
9184005 9162064 7
9184005 9162158 9
9184024 9162032 15
9184024 9162059 6
9184024 9162102 18
9184024 586900421 18
9184024 9162085 11
9184024 9162001 6
9184024 9162071 13
9184024 783176708 0
9184024 9162064 1
9184024 819400248 4
9184024 9162107 12
9184024 586888382 92
9162081 9162010 33
9184018 9162107 2
9162081 9162035 8
9162081 9162059 21
9162081 9162007 5
9162081 9162037 13
9162081 9162055 1
9162115 9162043 4
9162115 9162001 0
9162068 9162037 2
9162115 9162042 0
9162115 784358748 51
9162115 9162159 4
9162115 9162007 18
9162115 9162056 4
9162115 9162024 10
9162115 9162084 18
9162115 9162025 5
9162115 9162099 6
9184018 9162022 35
9184018 9162055 2
819400248 9162131 5
819400248 9162022 87
819400248 9184003 74
819400248 9162026 51
819400248 9162027 0
554321029 9162055 19
554321029 9162054 15
554321029 9162040 5
586900421 9162028 0
784358748 554321029 19
9162065 9162038 8
9162056 9162058 10
9162047 9162066 4
9162021 9162064 15
9162126 9162085 0
9162037 9162064 6
9162054 9162064 3
9162058 9162062 5
9162032 9162030 18
9162038 9162047 1
9162090 9162047 7
9162009 9162030 11
9162077 9162110 13
9162007 9162062 8
9162077 9162021 0
9162032 9162054 0
9162032 9162016 2
9162049 9162030 13
9162071 9162019 5
9162103 9162093 0
9162021 9162032 5
9162065 9162037 8
9162010 9162102 6
9162059 9162055 0
9162062 9162037 5
9162024 9162056 4
9162035 9162081 0
9162035 9162032 6
9162042 9162025 7
9162065 9162035 3
9162054 9162025 0
9162062 9162107 5
586888382 9184024 95
9184005 9162001 0
783095006 9162131 0
9184024 9162019 1
586900421 9162035 494
9162037 9162059 2
9162010 9162030 88
9162037 9162024 3
9162028 9162007 0
9162028 9162084 11
9162038 9162009 7
9162025 9162001 3
9162059 9162056 4
9162028 9162107 0
9162064 9162043 14
9162066 9162084 0
9162084 9162009 4
9162102 9162021 2
9162093 9162131 1
9162093 9162001 0
9162004 9162099 31
9162056 9162027 0
9162093 9162081 3
9162034 9162032 0
9162007 9162058 5
9162122 9162131 1
9162028 9162102 2
9162004 9162030 62
52814612 9184005 39
9162119 9162042 11
9184024 9162035 7
9162043 9162021 5
9162007 9162064 15
9162040 9162126 7
9162071 9162062 7
9162102 9162131 3
9162090 9162159 2
9162131 9162016 5
9162066 9162043 11
9162126 9162062 7
586888382 52814612 26
9162102 9162025 5
9162016 9162025 0
9162131 9162047 2
9162019 9162055 5
9162159 9184024 4
9162001 9162085 2
9162066 9162022 2
9162027 9162084 7
9162028 9162042 1
9162058 9184018 6
9162066 9162019 10
9162066 9162028 11
9162034 9184005 2
9162064 9162119 4
9162056 9162032 0
9162025 9162107 1
9162010 9162090 4
9162065 784358748 12
9162028 9162103 8
9162009 9162071 0
9162064 9162028 4
9162026 783176672 20
783176708 9162032 18
9162049 554321029 0
9162126 9162030 6
9162102 9162032 9
9162042 9162065 10
9162030 9184003 12
9162026 9162035 0
9162009 9162084 3
9162042 9184024 0
9162087 9162093 2
9162049 9162126 0
9162010 9162131 44
9162028 9162001 0
9162042 9162035 1
9162038 9162107 0
9162009 9162081 23
9162126 9162099 3
9184003 9162068 11
9162159 9162054 2
9162119 9162001 59
9162062 9162126 2
9162037 9162016 2
9162034 9162047 1
9162035 9162058 5
9162126 9184005 2
9162103 9162032 0
9162004 586900421 100
9162007 9162059 13
9162001 9162024 4
9162131 9162042 4
9162038 9162032 9
9184005 586888382 23
9162055 9162047 10
9162010 9162077 76
9162034 9162090 15
9162047 9162113 1
9162107 9162071 6
9162001 9162071 11
9162115 9162010 7
9162087 9162119 72
9162012 9162030 14
9162034 9162021 1
9162037 9162021 3
9162103 9162022 6
9162107 9162122 2
9162090 9162024 3
9162034 9162019 8
783176672 9162030 2
9162012 9162007 3
9162099 9162026 4
586888382 9162025 5
784358748 9162066 13
9162016 9162058 28
9162024 9162038 12
9162010 9162119 0
9162038 783176708 29
9162032 9162028 17
9162012 9162022 11
783176708 9162027 33
783176708 9162054 32
586900421 9162126 36
9184003 9162087 15
9162054 9162009 4
9162030 9162043 18
9162032 9162077 21
9162009 9162024 47
9184024 9162042 3
9162054 9162024 5
9162068 819400248 10
9162103 9162062 9
9162084 9162064 7
554321029 9162043 18
9162107 9162099 17
9162035 9162001 5
9162026 9162021 3
9162115 9162028 29
9162009 9184003 13
9162012 9162066 24
586900421 9162131 5
586900421 9162030 51
9184018 9162054 17
9162043 9162007 5
9162062 9162028 4
9162004 9162049 21
9162043 9162102 0
9162010 9162001 9
9162019 9162016 19
9162113 554321029 23
9162032 9162110 1
9162090 9162077 0
9162028 9162012 65
9162065 9162115 11
9162119 9162099 1
9162077 819400248 8
9162084 9162001 0
9162030 9162007 92
554321029 9162090 17
783095006 9162055 8
9184005 9162040 4
9162037 9162047 1
9162066 9162047 4
9162025 9162016 36
9162059 9162079 3
9162107 9162034 1
9162025 819400248 14
9162087 9162007 1
9162115 9162055 43
9162007 784358748 5
9162028 9162066 12
9162126 9162037 4
9162085 9162059 23
9162047 9162115 6
9162028 9162110 0
9162077 9162032 0
9162004 9162065 47
9162081 9162065 1
9162079 9162024 6
9162066 9162040 4
9162085 9162058 3
9162027 9162115 7
9162038 9162010 1
9162087 9162016 19
9162119 783176672 34
9162099 9162030 10
9162042 9162090 4
9162085 9162019 7
9162119 9162107 24
784358748 9162034 51
586900421 554321029 16
9184003 9162126 6
9184003 9162034 1
9162027 9162160 0
9162103 9162016 34
9162038 784358748 37
9162077 9162037 8
9162079 9184003 12
9162022 9162068 1
9162084 9162007 3
9162110 9162071 1
9162030 9162021 38
9162093 9162030 20
9162107 783176708 5
9162035 9162022 1
9162099 819400248 3
9162065 9162055 0
9162001 9162049 12
9162107 9184003 18
9162009 9162090 10
9162062 9162093 1
9162087 9162084 2
9162062 9162081 7
9162055 9162042 6
9162113 9162122 10
9162025 9162099 0
9162160 9162058 7
9162160 554321029 8
9162103 9162099 36
9162047 9162022 0
9162056 9162021 20
9162062 9162049 0
9162065 9162107 2
9162043 9162122 9
9162037 9162158 3
9162068 554321029 15
9162059 9162049 0
9162043 9162062 9
9162022 9162077 6
9162085 9162079 14
9162056 9162107 12
9162102 9162079 2
554321029 9162007 113
9162119 9162012 1
9184003 9162065 14
9162024 9162066 0
9184018 9162093 14
9184024 9162043 7
9184024 9162016 27
9162066 9162119 59
9162034 9162064 2
9162047 9162084 6
9162110 9162099 9
9162028 9162087 1
9162043 9184003 8
9162025 9162027 0
9162037 9162160 3
9162035 9162087 2
9162093 9162012 7
9162056 9162079 10
9162007 9162085 0
9162110 9162025 9
9162034 9162030 3
9162079 9162022 5
9162102 9162090 4
9162026 819400248 5
9162009 9162093 6
9162160 9162030 2
9162025 9162022 8
9162034 9162062 5
9162055 9162115 1
9162122 9162007 0
9162022 9162055 7
9162110 554321029 5
9162087 9162042 12
9162079 9162058 10
9162077 9162047 6
9162001 9162131 0
9162030 9162087 0
9162040 9162025 11
9162030 9162055 25
9162099 9162021 20
9162081 9162107 15
9162056 9162054 1
9162059 554321029 2
9162110 9162043 13
9162103 9162081 0
9162035 9162099 1
9162004 9162032 114
9162102 9162085 18
9162113 9162024 1
9162090 9162062 6
9162085 9162054 0
9162071 9162087 1
9162027 9162038 0
9162047 9184024 7
9162021 9162131 4
9162119 9162027 76
586888382 9162032 8
586888382 9162093 0
783176708 819400248 7
784358748 9162068 8
9162119 9162126 6
9184005 9162103 49
9184005 9162099 7
9184003 9162079 18
9184024 783176672 37
9184024 9162007 6
9184024 9162040 0
9184018 9162087 2
9162087 9162099 8
9162038 9162062 5
9162090 9162038 7
9162064 9162007 1
9162064 9162025 3
9162099 9162065 4
9162087 9162077 5
9162032 9162001 8
9162077 52814612 3
9162022 9162087 0
9162090 9162028 9
9162159 9162087 2
9162047 9162131 1
9162068 9162007 2
9162085 9162043 8
9162047 9162087 0
9162081 9162047 0
9162160 9162090 7
9162022 9162079 5
9162090 9162058 4
9162065 9162059 5
9162034 9162055 5
9162110 9162090 4
9162131 9162071 13
9162064 9162077 5
9162068 9162081 2
9162054 9162110 0
9162131 9162024 2
9162056 9162126 3
9162064 9162016 18
9162037 9162071 10
9162093 9162028 8
9162004 774028738 48
9162065 9162001 1
9162085 9162055 20
9162099 9162110 4
586888382 774028738 0
9162049 9162064 6
9162064 9162079 3
9162079 9162049 18
9162087 9162038 4
9162102 9162058 36
9162007 586900421 0
9162004 9162126 60
9162028 9162022 1
9162047 9162160 2
9162037 9162090 7
9162049 9162024 0
9162126 9162077 0
9162090 9162064 7
9162093 9162065 9
9162009 9184005 32
9162071 9162090 2
9162158 9162081 4
9162055 9162107 5
9162064 9184003 1
9162027 9162026 4
9162040 9162056 7
9162038 554321029 21
9162160 9162081 0
9162102 9162126 0
9162099 9162084 3
9162034 9162027 9
9162058 9162122 7
9162058 9184024 6
9162037 9184024 5
9162007 9162024 0
9162122 9162093 3
9162131 9162026 7
9162068 9162077 12
9162012 9162131 4
9162077 9162065 24
783095006 9162054 6
9162119 9162056 3
52814612 554321029 0
9162119 9162022 0
9184005 9162010 29
9184005 586900421 361
52814612 9162027 3
9184024 9162056 8
9184024 9162058 0
9184024 9162126 5
9184024 9184003 0
783176672 9162054 1
9162004 9162027 4
9162024 9162049 5
9162047 9162026 0
9162160 9162022 3
9162027 9162068 2
9162081 9162099 13
9162159 9162084 8
9162019 9162062 2
9162158 9162131 8
9162012 9162084 3
9162022 9162054 13
9162022 9162035 9
9162087 9162024 12
9162064 9162035 0
9162037 774028738 1
9162056 9162059 8
9162042 9162056 15
9162007 9162028 4
9162035 9162016 2
9162058 9162055 15
9162087 9162066 18
9162084 9162068 4
9162055 52814612 1
9162126 9162054 6
9162077 9162055 2
9162131 9162021 16
9162038 9162001 1
9162058 9162035 1
9162131 9162038 3
9162025 9162028 7
9162027 9162059 3
9162107 774028738 11
9162102 9162084 2
9162027 9162062 0
9162071 9184005 5
9162059 9162032 8
9162055 9162024 3
9162038 9162159 7
9162012 9162035 5
9162160 9162131 2
9162084 9162047 2
9162126 9162010 7
9162055 9162066 0
9162043 9162126 3
9162037 9162093 4
9162099 9162032 1
9162115 9162054 0
9162126 9162110 7
9162099 9162001 8
9162090 784358748 8
9162099 9162028 4
9162122 9162047 0
9162131 9162035 1
9162027 9162071 1
9162126 783176672 5
9162007 9162034 5
9162055 9162110 17
9162034 9162159 4
9162007 9162047 6
9162049 9162055 1
9162065 9184005 0
9162085 9162131 2
9162032 9162022 0
9162004 9184003 145
9162107 9162084 3
9162054 9184003 0
9162066 9184024 11
9162027 9162103 0
9162113 9162027 2
9162131 9162064 7
9162026 9162056 2
9162126 9162049 4
9162001 9184003 4
9162035 9162028 4
9162022 9162027 0
9162159 9162032 2
9162126 9162021 20
9162071 9162107 1
9162043 9162065 5
9162059 9162126 2
9162047 9162099 12
9162027 9162028 2
9162064 9162084 1
9162056 9184024 5
9162035 9162043 3
9162115 9162131 0
9162066 9162007 5
9162047 9162025 4
9162131 9162066 21
9162055 9162022 13
9162026 9162054 4
9162034 9162093 3
9162009 9162028 13
9162090 9162065 2
9162021 9184024 0
9162158 9184005 5
9162110 9162001 4
9162160 9184005 4
9162131 9162087 0
9162110 9162035 2
9162159 9162081 0
9162065 9184024 3
9162007 9162025 3
9162107 554321029 0
9162077 9162090 3
9162084 9184003 8
9162110 9162032 0
9162043 586900421 20
9162054 9162001 1
9162077 9162001 0
9162049 9184018 0
9162102 9162093 25
9162084 9162030 25
9162081 9162102 10
9162084 9162010 23
9162093 9162022 7
9162160 9162110 11
586888382 9162131 2
9184003 9162093 56
9184005 784358748 11
9184005 783176672 6
9184005 9162056 7
9184005 9162012 34
9162024 9162035 0
9162030 9162001 0
9184005 9162022 6
783095006 554321029 3
9184005 9162084 29
9184024 9162022 13
9184024 9162087 5
9162115 9162126 12
9162066 9162056 6
9162066 9162126 0
9162126 9184024 3
9162055 554321029 0
9162058 9162093 5
9162055 9162068 1
9162034 9162085 4
9162102 9184005 0
9162055 9162034 1
9162122 9162043 6
9162043 9184005 0
9162065 9162026 1
9162087 9162056 14
9162047 9162090 0
9162056 9162055 6
9162131 9184005 0
9162103 554321029 0
9162010 9162035 8
9162026 9162027 2
9162059 9162093 0
9162131 783176672 0
9162066 9162160 10
9162043 9162058 1
9162016 9184005 0
9162093 9184005 16
9162007 9162084 4
9162160 9162126 7
9162028 9162025 8
9162027 9162102 3
9162064 9162001 16
9162037 9162085 7
9162042 9162049 4
9162054 9184005 0
9162126 9162022 0
9162066 9162068 11
9162065 9162090 0
9162021 9184005 43
9162027 9162035 0
9162047 9162093 19
9162027 9162054 0
9162038 9162126 6
9162038 9162085 3
9162027 586900421 0
9162065 9162016 9
9162037 9162084 6
9162087 9162055 1
9162071 9162016 5
9162027 52814612 0
9162037 9162058 1
9162131 9162084 0
9162107 9162035 23
9162042 9162055 10
9162065 9162066 11
9162090 9162035 1
9162126 9162027 4
9162158 9162027 1
9162049 9162025 1
9162065 9162084 12
9162110 9162058 9
9162126 9162093 6
9162087 9162090 1
9162027 9162019 0
9162160 9162087 0
9162066 9162054 9
9162049 9162071 5
9162054 9162159 4
9162107 9162093 9
9162021 9162027 0
9162007 9162026 3
9162131 9162012 0
9162043 9162056 11
9162012 9162081 13
9162001 9162022 10
9162022 9184024 22
9162049 9162032 0
9162047 9162049 3
9162049 9162058 0
9162059 9162064 16
9162055 9162084 2
9162038 9162068 9
9162068 9184005 16
9162064 9162054 8
9162064 9162099 4
9162035 9184003 1
9162049 9162107 9
9162102 9162062 7
9162065 9162032 1
9162054 9162034 6
9162131 9162159 9
9162058 9162084 0
9162131 9162043 4
9162131 9162107 1
9162055 9162035 6
9162084 9162055 4
9162068 9162043 1
9162054 9162043 7
9162032 9162019 0
9162028 9162068 11
9162055 9162043 14
9162034 9184003 0
9162085 9162027 6
9162038 9162064 1
9162059 9162081 0
9162160 9162085 0
9162028 9184005 1
9162040 9162055 20
9162093 9162090 6
9162084 9162025 4
9162027 9162037 3
9162027 9162110 2
9162040 9162131 4
9162059 9162035 4
9162055 9162032 6
9162035 9162093 4
9162049 9162122 0
9162066 9162058 3
9162059 9184024 1
9162038 9184024 0
9162027 9162099 10
9162034 9162068 9
9162055 9162090 0
9162064 9184024 6
9162087 554321029 10
9162027 9162056 0
9162025 9184005 39
9162131 9162001 0
9162037 9162049 1
9162025 9162126 3
9162160 9162025 8
9162010 9162027 52
9162065 9162056 13
9162077 9162081 5
9162107 9162025 10
9162087 9184018 4
9162084 9162131 3
783176672 9162081 64
586888382 9184005 0
819400248 9162093 6
784358748 9162027 4
586900421 9184005 185
9184003 9162055 14
9184003 9184005 0
9184005 9162107 1
9184005 9162131 20
783095006 9162093 4
9184003 9162032 3
9184005 9162021 0
9184024 9162131 5
9162081 9162090 0
9162027 9184024 4
9162034 819400248 18
9162160 9162043 8
9162004 9162093 10
9162131 9162068 1
9162007 9162043 4
9162058 9162021 16
9162110 9162093 10
9162043 9162038 11
9162131 9162099 7
9162010 9162081 10
9162004 9162081 4
9162034 9162099 6
9162087 9162022 0
9162066 9162065 1
9162066 9162081 5
9162016 9162027 6
9162034 9162025 1
9162007 9184003 21
9162087 9162079 1
9162160 9162054 4
9162038 9162054 5
9162077 9162093 1
9162049 9162034 2
9162028 9162131 0
9162038 9184005 1
9162087 9162054 0
9162122 9162054 0
9162064 9162059 11
9162087 9162037 6
9162062 9162066 11
9162055 9162028 2
9162027 9162055 0
9162055 9184005 373
9162093 9162025 7
9162131 9162110 4
9162066 9162027 2
9162084 9162032 2
9162049 9162102 0
9162122 9162025 3
9162102 9184024 6
9162131 9162126 0
9162026 9162131 7
9162038 9162160 4
9162049 9162160 0
9162010 783095006 24
9162025 9162090 10
9162027 9162085 3
9162049 9162159 12
9162054 9184024 1
9162107 9162102 125
9162049 9162027 0
9162054 9162090 2
9162090 9162160 4
9162054 9162085 4
9162040 9162081 7
9162043 9162085 0
9162058 9184005 0
9162027 9162107 0
9162064 9162093 4
9162090 9162054 0
9162049 9162093 5
9162049 9162068 1
9162077 9162027 2
9162034 9162081 0
9162160 9162027 2
9162055 9162007 2
9162054 9162087 4
9162055 9162081 0
9162090 9162131 7
9162001 9162054 0
9162099 9162054 1
9162084 9162090 0
9162035 9162107 1
9162047 9162081 0
9162126 9184003 3
9162107 9184024 2
9162049 9162079 3
9162107 9162054 5
9162054 9162049 0
9162007 9184024 0
9162043 9162131 2
9162099 9162027 0
9162027 9162093 10
9162047 9184003 4
9162077 9162054 1
9162054 9162035 1
9162058 9162022 8
9162107 9162027 0
9162131 774028738 2
9162001 9184005 0
9162085 9162084 0
9162007 9162032 6
9162055 9162062 0
9162043 9162160 5
9162131 9162065 4
9162093 554321029 94
9162064 9162062 6
9162126 9162032 7
9162099 9184005 3
9162028 9162056 4
9162007 9184005 0
9162126 9162025 1
9162126 9162035 0
9162035 9162131 6
9162159 9184005 3
9162085 9184005 0
9162054 9162131 0
9162055 9162079 3
9162019 9162027 0
9162126 9162043 15
9162087 9162058 3
9162090 9162084 0
9162131 783176708 10
9162066 9162055 0
9162047 9162110 2
9162093 9162054 1
9162049 9162028 0
9162054 9162084 3
9162004 9184005 34
9162058 9162032 3
9162084 9162085 8
9162126 9162055 1
9162040 554321029 5
9162043 9162090 1
9162042 9184005 0
9162022 9184005 1
9162030 9162131 6
9162054 554321029 0
9162065 9162081 3
9162012 783095006 2
9162064 9162027 4
9162113 9162028 1
586888382 9162030 7
9184003 9184024 10
9184005 9162054 2
819400248 586888382 10
9184024 9162054 7
9162093 9162084 2
9162019 9162093 14
9162110 9162047 1
9162034 9162001 2
9162049 9162099 2
9162085 9162035 0
9162049 9162090 0
9162055 9162025 1
9162103 9162027 0
9162025 9162054 0
9162056 9162081 1
9162024 9162081 5
9162027 9162047 2
9162001 9162093 7
9162027 9162065 0
9162034 9162010 21
9162126 9162084 1
9162049 9162084 0
9162043 9162032 2
9162062 9184005 9
9162065 9162022 5
9162131 9162056 7
9162027 9162025 6
9162085 9162090 2
9162085 9162122 11
9162054 9162032 3
9184003 783095006 0
9162038 9162043 2
9162087 9162126 6
9162066 9162093 0
9162066 9162064 6
9162131 9162062 3
9162064 9162087 1
9162007 9162019 9
9162066 9162032 10
9162007 9162081 3
9162047 9162056 0
9162009 9162027 2
9162159 9162099 6
9162065 9162093 0
9162103 9162131 2
9162004 9184024 75
9162131 9162025 0
9162012 9162027 11
9162049 9162062 2
9162038 9162022 6
9162038 9162027 1
9162012 9184005 0
9162037 9162062 6
9162113 9184005 31
9162034 783176672 22
9162028 9162093 2
9162062 9184024 5
9162103 9162090 0
9162040 9162085 9
9162103 9162054 3
9162090 9162043 0
9162001 9162028 6
9162066 9162062 1
9162064 9162038 7
9162054 9162056 0
9184005 9162058 38
9162037 9162081 5
9162034 9162084 7
9162010 9162054 7
9162131 9162058 3
9162065 9162062 1
9162043 9162054 11
9162071 9162093 24
9162065 9162087 4
9162090 9162085 1
9162037 9162056 0
9162012 554321029 7
9162064 9162022 0
9162160 9162093 4
9162079 9162054 0
9162126 9162122 0
9162131 9162007 6
9162102 9162027 0
9162087 9162032 11
9162066 9162131 2
9162049 9162110 2
9162084 9162056 7
9162087 9162035 4
9162099 9162081 3
9162087 9162062 10
9162087 9162025 0
9162027 9162021 0
9162038 9162081 0
9162102 9162054 5
9162047 9162054 0
9162037 9162054 0
9162058 9162027 2
9162056 9184005 15
9162064 9162056 5
9162027 9162081 5
9162087 9162131 1
9162027 9162001 1
9162049 9162021 5
9162042 9162131 1
9162012 9184024 2
9162131 9162085 0
9162019 9184005 1
9162126 9162131 0
9162081 9162022 6
9162090 9162027 0
9162090 9162025 5
9162085 9162126 3
9162087 9162064 2
9162025 9162093 2
9162064 9162030 1
9162035 9162027 2
9162085 9162093 2
9162131 9162113 1
9162027 9162022 0
9162027 9184003 2
9162131 9162049 2
9162058 9162081 1
9162059 9162131 1
9162064 9162090 1
9162049 9162085 4
9162131 9162030 1
9162084 9162081 7
9162090 9162081 6
9162090 9162093 0
9162055 9162093 4
9162027 9162131 0
9162131 9162027 1
819400248 9162081 14
784358748 9162032 33
9184003 9162035 0
9162065 9162064 1
9162049 9162047 5
9162054 9162030 0
9162066 9184005 38
9162019 9162081 6
9162131 554321029 0
9162047 9162027 0
9162055 9184024 0
9162064 9162065 4
9162034 9162131 3
9162007 9162131 1
9162064 9184005 1
9162054 9162093 4
9162049 9162077 2
9162054 9162027 0
9162049 9162056 0
9162071 9162126 6
586888382 9162081 14
9162084 9162093 3
9162131 9162093 3
9162131 9162054 0
9162049 9162022 2
9162049 9184024 0
9162065 9162027 0
9162007 9162027 0
9162049 9162001 0
9162087 9162027 0
9162035 9184005 0
9162131 9184024 0
9162049 9162054 0
9162037 9162131 2
9184003 554321029 0
9162049 9162131 0
9162001 9162081 6
9162090 9162126 0
9162087 9184005 0
9162055 9162027 0
9162007 9162054 0
9162034 9162107 0
9162103 9184005 6
9162159 9162027 0
9162010 9184005 0
9162087 9162065 0
9162055 9162131 0
9162049 774028738 0