$OR;D2 
* From-Time  To-Time 
06.00 7.00 
* Factor 
1.00
783176708 9162004 386
783095006 9162119 269
554321029 9162119 184
586900421 9162010 211
784358748 9162010 175
783176672 9162009 136
819400248 9162004 139
783176672 9162012 186
774028738 9184018 152
783176708 9162115 112
783176708 9162119 131
586888382 9162009 61
784358748 9162012 139
783176672 9162010 193
9184018 774028738 83
783095006 9162004 149
783095006 9162115 99
586900421 9162012 127
783176708 9162103 109
783095006 9162034 82
819400248 9162009 54
9162119 783095006 104
784358748 9162009 114
586900421 9162009 63
783176672 9162042 49
554321029 9184018 91
783176708 9162009 77
774028738 9162119 38
783176672 9162103 34
783176708 9162113 97
586888382 9162004 106
819400248 9162103 54
783176672 9162040 47
554321029 9162030 71
586900421 9162016 54
783176672 9162004 56
9162010 586900421 42
9162010 783176672 90
9162001 9162004 59
9162030 554321029 43
783176708 9162066 175
586900421 586888382 36
9162012 783176672 169
586888382 9162012 77
819400248 9162012 105
783095006 9162030 63
783176708 9162001 60
586900421 783176672 43
586900421 9162107 60
9162009 586888382 29
9162030 9162119 63
9184005 774028738 64
783176708 783095006 54
784358748 9162107 43
586900421 9184003 94
9162010 784358748 71
783176708 9162102 39
9184018 9162119 44
9162016 586900421 41
9162001 586888382 45
554321029 9162115 94
774028738 9162026 65
774028738 9184024 63
9162115 9162004 51
819400248 9162001 51
52814612 9162019 76
783176672 9162113 6
819400248 9162113 75
554321029 9162026 65
9162030 783095006 55
9162119 554321029 28
9162119 9162004 63
9162001 783176708 50
774028738 9162024 61
774028738 783095006 45
774028738 52814612 22
783176672 9162066 162
554321029 9162034 57
783176708 9162012 67
783176708 9162040 92
783176708 9162068 31
9162081 9162119 49
9162010 9162012 49
9162119 9162115 70
774028738 9162158 40
783176708 9162064 142
586900421 9162042 54
9184005 9162119 46
9184018 9162026 42
9162040 586888382 38
9162113 783176708 24
9162113 9162004 32
586888382 9162010 56
586888382 9162103 34
52814612 9162024 63
783095006 783176708 75
9184024 774028738 47
9162001 819400248 43
9162016 9162010 38
9162009 783176672 31
9162016 784358748 43
9162012 586888382 41
586888382 9162040 32
9162040 9162004 63
9162012 9162009 34
554321029 783176708 99
52814612 9162004 24
783176708 9162077 39
586900421 9162024 39
9184003 586900421 43
9184005 9184018 61
9184024 9184018 42
9162021 9162009 19
9162022 784358748 30
9162022 52814612 31
9162012 784358748 46
783176708 9162034 29
52814612 9184018 33
52814612 9162022 24
783176672 9162107 56
783095006 9162032 19
9162009 9162012 59
9162004 783176708 36
9162035 9162004 15
9162032 9162119 31
9162016 9162012 20
9162158 52814612 48
9162001 9162009 33
9162103 783176708 31
52814612 9162158 62
52814612 9162160 33
52814612 9162009 32
783176708 9162042 2
783176708 9162007 75
783176708 9162038 50
784358748 9162042 75
784358748 9162016 57
9184018 9162028 20
9162022 9162010 25
9162102 783176708 32
9162016 52814612 29
9162009 9162004 16
9162040 783176672 12
9162158 9162004 29
9162081 783095006 17
9162115 9162119 37
9162103 819400248 17
9162024 774028738 15
586888382 9162042 17
783176708 9162037 75
783176672 9162021 17
52814612 9162016 49
783095006 9162071 24
783095006 9162066 101
554321029 774028738 32
783176708 9162160 3
586900421 9162021 61
9184005 554321029 69
9162030 9184018 31
9162016 783176672 16
9162001 783176672 61
9162081 774028738 39
9162026 9184018 31
9162024 52814612 42
9162062 9162004 44
9162021 586900421 32
9162103 9162009 17
9162030 774028738 36
783176708 9184018 24
774028738 9162037 22
52814612 9162028 14
783176672 9184003 25
586888382 9162113 34
783176672 9162064 140
554321029 9184005 46
783095006 9162077 162
783176708 9162062 108
783176708 9162158 33
586900421 9162019 46
9162119 783176708 49
9184018 9162030 90
819400248 9162119 15
9162056 586888382 20
9162113 586888382 36
9162026 774028738 30
9162102 9162004 30
9162107 586900421 19
9162010 9162042 24
9162016 9162004 15
9162119 9162030 20
9162022 586900421 36
9162081 9184018 45
9162062 586888382 13
9162010 9162009 55
819400248 9162040 39
586888382 586900421 52
774028738 9162034 22
52814612 9162113 25
52814612 9184003 31
52814612 9162012 60
52814612 9162010 48
783176672 9162059 26
9184005 783095006 32
783176708 9162079 31
783176708 9162059 49
783176708 9162071 45
586900421 9162158 51
586900421 9162099 6
586900421 9162103 18
586900421 9162110 45
586900421 9162119 42
774028738 9162113 21
9184003 784358748 49
9184018 783176708 15
9162026 783095006 33
9162021 9162042 14
9162035 783095006 7
9162158 774028738 17
9162026 9162119 40
9162079 9162119 22
9162110 9162004 35
9162068 9162004 79
9162059 9162009 9
9162012 9162010 34
9162010 586888382 28
9162119 774028738 7
9162115 783176708 30
783176672 586888382 27
819400248 9162102 25
9162030 9162026 25
774028738 9184005 48
774028738 9162042 10
783095006 9162035 33
783095006 9162103 35
783176708 9162110 37
784358748 9162004 46
9162021 9162004 64
9162056 9162009 16
9162059 586888382 7
9162001 9162103 9
9162040 9162009 9
9162028 9184018 15
9162021 9162010 47
9162016 9162009 33
9162009 9162103 14
9162001 9162113 18
9162012 819400248 66
774028738 9162079 36
52814612 9162071 11
52814612 586888382 20
774028738 9162038 20
774028738 9162122 34
783176672 9162058 24
819400248 9162007 27
783095006 9162038 19
783095006 9162079 24
774028738 9162030 59
554321029 783176672 21
554321029 9162066 252
783095006 9162113 7
784358748 9184003 43
586900421 9162040 48
586900421 9162066 126
586900421 9162047 33
774028738 9162004 36
9184005 9162026 28
9184018 9162037 19
9184018 9162071 19
9184018 52814612 20
819400248 9162160 9
9162032 9162115 22
9162103 586888382 33
9162113 9162115 3
9162021 586888382 24
9162012 9162103 13
9162158 9162119 4
9162158 9184018 20
9162021 9162040 23
9162099 9162004 8
9162009 9162010 4
9162040 9162010 16
9162079 9162115 16
9162019 586900421 17
9162040 783176708 38
9162119 9162026 32
9162024 9184018 11
9162158 9162010 6
9162040 9162012 22
9162068 783095006 5
9162110 783095006 2
9162030 9162004 46
9162042 783176672 24
9162024 9162016 18
586888382 9162001 17
52814612 9162119 29
52814612 9184024 37
783176672 9162071 23
783176672 9162099 56
819400248 9162059 22
783095006 9162085 14
554321029 9162077 15
554321029 9162037 50
554321029 9162122 50
783095006 9162021 11
783095006 9184018 54
783176708 9162122 20
783176708 9162022 1
783176708 9162087 45
784358748 9162040 38
784358748 9162159 39
784358748 9162059 35
586900421 9162022 47
586900421 9162043 34
586900421 9162160 61
774028738 554321029 47
52814612 9162066 49
9184003 9162012 6
9184003 9162010 35
9184018 9162115 28
9184018 9162079 31
9162107 52814612 22
9162004 9162115 17
9162004 586888382 111
9162016 9162158 37
9162021 9162012 19
9162009 784358748 46
9162077 9162004 29
9162081 554321029 28
9162056 783095006 7
9162010 819400248 12
9162022 783176672 53
9162035 783176708 16
9162103 9162004 15
9162081 9162004 12
9162032 774028738 10
9162026 783176708 17
9162022 9162009 5
9162158 586900421 31
9162062 9162012 7
9162030 9162034 35
9162009 9162113 21
9162068 783176708 150
9162042 784358748 9
9162021 9162038 9
9162160 9162119 7
9162009 819400248 22
9162113 9162119 2
9162042 586888382 5
9162042 586900421 13
9162113 9162009 19
9162009 783176708 0
9162016 9162103 69
9162021 52814612 29
9162107 9162012 23
9162021 783176708 25
9162021 9162119 9
9162016 9162113 14
586888382 9162107 25
9162119 9162113 18
586888382 9162071 7
554321029 9162079 25
783176708 9162030 25
774028738 9162081 24
783176672 9162087 14
783176672 9162001 34
586888382 9162007 16
783176672 9162007 10
783176672 9162160 22
554321029 9162032 41
554321029 9162004 59
554321029 586888382 19
554321029 9162071 16
783095006 774028738 42
783095006 9162026 34
783095006 819400248 11
783095006 9162040 13
783095006 586888382 23
783095006 9162009 5
783176708 9162035 48
784358748 9162021 38
586900421 9162049 27
586900421 9162038 27
586900421 819400248 12
9184003 586888382 39
9184003 9162016 98
9184003 52814612 18
52814612 9162042 23
9184018 9162024 18
9184018 9162122 14
9184018 783095006 43
9184018 9162160 20
9162099 586900421 25
9162016 9162042 31
9162022 9162158 13
9162110 586900421 8
9162079 9162004 22
9162030 9162115 32
9162079 783095006 21
9162004 9162009 68
9162077 783095006 20
9162010 9162040 46
9162077 9162119 24
9162062 9162009 10
9162043 9162004 14
9162004 9162103 15
9162158 9162021 15
9162079 9162030 9
9162059 9162004 21
9162012 9162107 28
9162062 783176708 47
9162040 9162113 15
9162022 9162012 6
9162004 9162113 16
9162160 9162009 0
783176672 586900421 24
586888382 9162059 14
9162025 774028738 11
9162093 9162004 14
9162079 774028738 21
9162042 9162012 25
9162159 9162024 8
9162158 586888382 9
9162040 819400248 17
9162119 9162034 11
9162042 9162004 139
9162030 9162038 5
586888382 9162038 19
586888382 9162019 29
554321029 9162024 4
783176708 52814612 46
52814612 774028738 36
774028738 9162019 24
52814612 9162079 20
783176672 9162062 2
586888382 9162058 3
783176672 9162055 19
819400248 9162010 44
819400248 9162071 3
819400248 9162047 4
783095006 9162081 15
554321029 9162064 161
554321029 9162110 10
783095006 9162102 120
783095006 9162037 35
783095006 9184005 17
783095006 9162160 36
783176708 9162026 36
783176708 9162043 36
783176708 9162010 11
783176708 9162028 33
784358748 586888382 72
586900421 9162159 45
586900421 9162064 53
586900421 783176708 96
774028738 9162077 23
9184005 9162037 36
9184005 9162079 18
52814612 586900421 26
819400248 9162064 86
9184018 9162059 12
9184018 9184005 17
9184018 9162038 19
9184018 9162066 16
9162103 9162113 9
9162107 9162159 6
9162022 586888382 9
9162158 9162028 7
9162056 9162115 1
9162012 783176708 0
9162059 783176708 84
9162022 9162019 37
9162062 9162115 9
9162107 784358748 18
9162093 774028738 11
9162110 9162012 7
9162058 9162004 37
9162103 9162115 11
9162079 9162034 10
9162026 9162115 5
9162113 783176672 7
9162115 783095006 30
9162021 9162047 8
9162032 9184018 21
9162059 9162102 6
9162110 586888382 10
9162115 9162102 14
9162026 9162004 21
9162062 819400248 19
9162021 9162103 39
9162113 819400248 15
9162030 9162122 16
9162032 9162004 40
9162021 774028738 12
9162012 9162042 21
9162102 819400248 6
9162047 9162004 3
9162099 9162119 8
9162001 9162040 22
9162059 9162103 17
9162115 9162103 13
9162004 819400248 11
9162037 783095006 8
9162126 783095006 7
9162077 9162102 4
9162160 9162103 1
9162001 9162038 14
9162026 9162071 11
9162021 783176672 8
9162009 9162042 11
9162059 52814612 17
9162115 9162113 18
9162030 9162037 17
9162065 9162004 46
9162081 9162026 22
9162158 9162103 14
9162024 9162019 15
819400248 783095006 6
9162119 9162077 17
9162122 9162119 25
586888382 9162064 15
586888382 784358748 23
9162119 9162068 12
774028738 9162115 20
52814612 9162107 30
774028738 9162010 12
774028738 9162099 7
52814612 9162059 25
783176672 9162047 15
783176672 9162056 71
783176672 9184018 41
819400248 9162066 66
783095006 9162158 41
783095006 9162064 83
554321029 9184024 11
554321029 9162038 6
554321029 9162103 0
554321029 784358748 8
783176708 9162058 9
783176708 9162159 10
784358748 9162103 4
784358748 9162113 10
784358748 9162064 60
784358748 9162038 0
784358748 9184018 29
784358748 9162047 21
586900421 9162004 85
586900421 9162113 86
586900421 9162115 17
586900421 9184018 24
586900421 784358748 17
783176672 9162016 61
774028738 9162160 14
774028738 9162028 16
774028738 586900421 15
9184005 9162030 35
52814612 784358748 8
9184018 554321029 30
9184018 9184024 21
9184018 9162004 48
52814612 9162064 43
9184024 9162119 50
9184018 9162090 7
9162107 9162009 24
9162016 9162071 7
9162042 9162066 6
9162113 9162012 9
9162058 9162071 8
9162158 784358748 19
9162079 52814612 15
9162110 9162038 10
9162122 9162004 8
9162159 52814612 17
9162021 784358748 38
9162160 819400248 2
9162004 9162066 81
9162004 783095006 22
9162056 9162004 146
9162025 52814612 9
9162062 9162113 8
9162110 9162119 11
9162059 9162021 2
9162158 9162043 11
9162012 9162004 6
9162071 9162004 3
9162010 9162019 3
9162016 9162040 14
9162025 9162119 19
9162071 9162103 11
9162042 9162010 30
9162099 9162012 7
9162035 9162103 0
9162004 9162001 23
9162071 9162007 2
9162007 586888382 10
9162158 9162024 27
9162068 9162160 11
9162019 9162049 3
9162030 9162113 16
9162016 9184018 24
9162032 783095006 30
9162016 9162119 0
9162062 9162040 15
9162079 783176708 36
9162160 586888382 12
9162158 9162040 10
9162016 9162021 14
9162055 783176708 2
9162001 9162115 42
9162030 9162032 7
9162024 9162160 5
9162016 586888382 43
9162068 9162119 25
9162056 9162010 8
9162113 9162010 0
9162021 9162037 1
9162012 9162115 27
9162110 9162158 7
9162158 9162038 14
9162090 9162004 7
9162158 783176672 11
9162059 9162119 36
9162081 9162115 6
9162012 9162040 67
819400248 9162021 1
9162107 9162038 2
9162099 586888382 56
9162158 783176708 9
9162022 9162042 4
9162021 9162087 8
9162160 9162004 13
9162085 9162119 12
9162055 784358748 4
9162059 9162113 15
9162021 9184003 19
9162010 9162158 6
819400248 9162068 27
9162079 9162038 3
9162021 9162107 16
9162122 783176708 14
9162071 9162119 16
9162012 586900421 239
9162159 9162064 6
9162016 9162110 28
9162026 586888382 28
9162085 9162004 13
9162059 9162012 26
9162010 9162056 3
9162119 9162059 16
9162062 9162119 31
9162055 9162004 26
819400248 9162158 30
9162103 9162040 5
819400248 9162038 2
554321029 9162102 30
783176672 9162026 25
52814612 783176708 56
774028738 586888382 19
774028738 9162025 12
52814612 9162077 0
52814612 9162103 33
783176672 9162102 42
783176672 9162119 9
783176672 9162110 10
586888382 9162055 8
819400248 9162062 27
819400248 9162065 12
819400248 9162042 12
819400248 9162115 89
554321029 9162081 22
554321029 9162087 1
783095006 9162059 35
783095006 9162122 16
783176708 783176672 12
783176708 586888382 11
783176708 9162019 16
783176708 586900421 14
783176708 9162021 44
784358748 9162079 8
784358748 9162024 39
784358748 9162071 13
774028738 783176672 25
774028738 9162110 16
774028738 9162085 7
774028738 9162059 9
52814612 9162047 27
9184003 783176672 90
9184003 9162042 16
9184003 9162009 20
9162024 9162158 19
52814612 9162037 5
774028738 9162001 11
9184018 9162034 24
9184018 9162113 17
52814612 9162040 48
9184024 9162026 18
819400248 9162024 34
9162001 9162064 7
9162087 9162115 2
9162019 9162024 5
9162113 783095006 30
9162001 9162016 12
9162007 783176708 7
9162028 9162037 2
9162016 9162022 6
9162032 9162071 12
9162160 52814612 7
9162081 9162032 5
9162103 9162102 8
9162079 9162064 11
9162103 9162119 8
9162103 783176672 12
9162077 783176708 26
9162056 586900421 6
9162038 586888382 0
9162024 9162110 9
9162040 784358748 7
9162110 9162103 10
9162043 9184018 13
9162009 9162016 5
9162016 9162019 5
9162056 9162103 4
9162025 9162103 6
9162010 9162113 0
9162007 819400248 11
9162055 586888382 0
9162021 9162115 9
9162071 783095006 3
9162012 9162021 15
9162064 9162004 27
9162085 9162034 4
9162115 9162160 5
9162043 586888382 0
9162113 9162103 18
9162007 9162012 4
9162158 9162077 2
9162107 9162019 31
9162087 9162004 26
9162010 9184003 27
9162079 9162160 6
9162102 9162119 23
9162001 9162059 4
9162021 9162028 5
9162026 9162034 10
9162115 9162059 4
9162158 9162160 21
9162062 9162103 13
9162022 9184003 19
9162102 9162103 11
9162064 783176708 4
9162030 9162079 18
9162122 9184018 16
9162056 9162012 10
9162022 9162159 9
9162019 9162042 3
9162012 9162102 15
9162071 9162012 3
9162035 9162113 8
9162102 9162007 0
9162016 9162115 9
9162059 9162158 9
9162160 783095006 4
9162103 9162012 2
9162056 783176708 53
9162119 9162079 6
9162159 9162004 20
9162113 9162068 5
9162159 586900421 20
9162110 783176708 21
9162159 9162115 5
9162158 9162042 7
9162025 9162009 4
9162103 784358748 14
9162010 52814612 17
9162001 9162012 19
9162021 9162059 9
9162119 9162103 6
9162085 9162066 3
9162085 774028738 3
9162059 819400248 12
9162058 586900421 4
9162160 9162012 9
9162160 9162010 10
9162113 9162158 3
9162026 9162037 9
9162071 9162115 13
9162158 783095006 8
9162047 9162012 9
9162032 554321029 17
9162027 9162119 6
9162079 9162010 2
9162037 9162115 4
9162158 9162079 14
9162016 9162034 6
9162158 9162107 15
9162040 9162115 9
9162034 783095006 9
9162066 9162004 25
9162084 586888382 2
9162103 9162066 7
9162007 9162103 13
9162025 9162160 1
9162081 9162071 6
9162058 586888382 16
9162059 9184018 0
586888382 9162102 68
9162016 9162160 18
9162159 9184018 7
9162026 9162025 6
9162024 9162009 9
9162004 9162160 12
9162119 9162038 17
9162081 9162122 8
9162119 9162021 5
9162115 9162034 11
554321029 9162068 16
774028738 9162107 13
774028738 9162159 10
774028738 9162012 0
52814612 9162021 47
52814612 9162110 42
52814612 9162038 12
52814612 9162159 41
783176672 9162085 3
586888382 9184003 45
586888382 9162160 2
586888382 9162066 9
586888382 9162016 20
819400248 9162049 4
819400248 9162087 13
554321029 9162059 19
554321029 9162058 83
554321029 9162065 0
554321029 9162160 14
783095006 783176672 6
783095006 9162068 45
9184005 9162025 3
554321029 9162084 7
783095006 9162065 12
783095006 9162126 8
783176708 9162090 2
783176708 784358748 29
783176708 9162085 19
783176708 774028738 4
783176708 9162055 9
783176708 554321029 18
784358748 783176672 35
784358748 9162019 33
784358748 9162099 31
586900421 9162059 23
586900421 9162065 21
586900421 9162056 39
586900421 9162068 26
774028738 9162064 73
783176708 9162065 16
9184003 9162071 6
9184003 9162103 15
9184003 9162024 26
9184005 9162081 9
9184005 783176708 14
52814612 783176672 63
52814612 9162001 15
52814612 9162099 30
52814612 9162049 32
819400248 9162099 19
9184018 586900421 7
9162081 9184024 11
9184018 9162043 15
9184018 9162110 12
9184018 586888382 48
9184018 9162047 6
9184024 9184005 5
9184024 52814612 19
9184018 9162009 18
9162160 9162021 7
9162122 9162012 14
9162022 9162038 7
9162010 9162110 2
9162042 9162038 9
9162071 783176708 9
9162032 9162103 12
9162068 9162115 13
9162026 9162122 9
9162113 9162038 15
9162042 9162016 18
9162077 9162009 1
9162110 774028738 3
9162102 586888382 14
9162103 9162010 10
9162093 9162019 4
9162004 9162119 46
9162102 9162009 1
9162090 9162103 6
9162026 9162028 3
9162025 586888382 0
9162043 783095006 7
9162022 9162047 23
9162047 9162009 19
9162040 9162064 18
9162024 9162004 40
9162056 783176672 17
9162093 9162034 5
9162079 9162103 6
9162071 9162040 1
9162021 9184018 9
9162110 9162010 25
9162022 9162103 21
9162087 774028738 1
9162043 9162119 4
9162022 9162040 11
9162035 9162071 6
9162024 9162040 1
9162025 9162004 41
9162026 9162024 1
9162030 9162110 7
9162058 819400248 1
9162010 9162103 191
9162009 9162107 13
9162042 52814612 15
9162019 9162026 0
9162110 52814612 17
9162035 9162160 6
9162077 9162160 2
9162158 9162102 13
9162059 9162160 9
9162079 9184018 15
9162056 9162040 8
9162079 9162077 9
9162115 9162009 0
9162085 9162103 5
9162001 784358748 9
9162040 9162079 1
9162009 9162026 7
9162159 9162113 7
9162016 9162024 18
9162126 9162004 9
9162068 774028738 5
9162019 9162012 3
9162032 9162113 6
9162021 9162055 10
9162158 9162099 8
9162016 9162049 154
9162026 9184024 6
9162158 9162037 1
9162119 9162019 7
9162126 774028738 3
9162021 9162019 11
9162079 9162019 3
9162027 774028738 4
9162068 9162030 8
9162122 9162160 0
9162016 9162054 2
9162122 9162115 13
9162032 9162037 5
9162102 9162012 14
9162059 586900421 11
9162113 9162160 7
9162019 52814612 15
9162158 9162126 2
9162065 9162024 1
9162107 9162062 3
9162058 9162042 5
9162043 9162042 6
9162009 9162059 11
9162010 9162107 16
9162040 9162119 14
9162110 9162019 10
9162026 554321029 15
9162022 9162016 13
9162081 9162038 2
9162004 9162042 5
9162009 9162022 5
9162066 9162103 8
784358748 9162102 30
9162019 9162010 22
9162021 9162158 12
9162099 9162103 15
9162040 9162103 10
9162022 9162004 6
9162035 9162119 23
9162119 9184018 27
9162113 9184018 7
9162077 9162115 17
9162032 9162064 2
9162012 9162055 9
9162079 9162012 0
9162025 9162115 10
9162030 9162071 13
9162028 774028738 16
9162102 9162001 4
9162001 9162042 3
9162021 9162071 1
9162042 819400248 10
9162021 9162110 4
9162065 9184018 2
9162035 586888382 19
9162062 9162077 14
9162158 9162071 9
9162056 9162099 5
9162001 9162007 9
9162026 9162077 12
9162037 9162113 6
9162093 9162042 0
9162159 586888382 8
9162024 586900421 20
9162022 9162024 16
9162010 9162064 5
9162064 586888382 9
9162071 586888382 3
9162042 9162009 14
9162119 9162037 27
9162115 9162038 5
9162119 586888382 0
9162019 9162059 4
9162158 9162115 0
9162119 9162064 3
9162058 9162119 99
9162071 783176672 0
9162016 9162068 5
9162107 9162158 20
9162040 9184003 10
9162056 784358748 22
9162119 9162028 13
9162030 9162066 10
9162103 9162034 1
9162103 9162021 20
586888382 9162099 18
52814612 9162056 16
9162030 9162035 10
554321029 586900421 30
774028738 9162027 7
52814612 9162115 10
52814612 9162062 11
774028738 9162022 18
774028738 783176708 47
52814612 9162043 24
774028738 819400248 2
52814612 9162085 49
586888382 9162021 20
586888382 9184018 13
586888382 9162077 4
819400248 9162058 6
783176672 9162079 3
783176672 784358748 39
819400248 9162055 3
783176672 9162038 15
783095006 9184024 0
774028738 9162062 15
783095006 9162012 40
783095006 9162024 8
783095006 9162028 10
783095006 9162159 5
783095006 9162042 17
783095006 9162007 50
783095006 9162001 8
783176708 9162025 10
783176708 9162099 2
783176708 9162047 26
819400248 9162110 6
784358748 9162026 6
784358748 586900421 8
784358748 9162158 22
586900421 9162026 2
586900421 9162037 2
586900421 9162027 2
586900421 9162025 22
774028738 9162071 29
774028738 9162068 18
774028738 9162093 9
9184003 9162056 7
9184005 9162077 30
9184005 9162122 5
9184005 9162038 1
9162024 9162064 3
9162024 784358748 13
774028738 9162016 48
774028738 9162043 15
52814612 9162007 12
9184018 9162035 6
9184018 9162102 9
9184018 9162158 21
9184018 9162065 1
52814612 9162122 2
52814612 9162034 9
9184018 9162025 17
9184018 9162077 17
52814612 9162068 8
586900421 9162007 13
586900421 9162071 30
9162159 9162012 17
9162126 9162119 5
9162158 9162110 12
9162037 9162119 19
9162071 9162079 4
9162042 9162085 6
9162054 9162004 1
9162001 9162068 5
9162087 9162009 7
9162056 9162119 54
9162158 9162022 10
9162034 9162043 2
9162016 9162026 5
9162158 9162085 16
9162079 819400248 18
9162025 9162043 2
9162071 819400248 0
9162019 9162113 6
9162159 783095006 0
9162102 9162040 6
9162071 9162009 16
9162077 9162062 7
9162009 9162049 0
586888382 783176672 14
9162010 9184018 24
9162042 9162103 21
9162062 9162001 8
9162016 9162038 22
9162099 783176672 17
9162115 9162037 8
9162159 9162019 8
9162043 783176672 11
9162004 9162071 9
9162016 9162099 19
9162113 9162001 6
9162126 586888382 8
9162032 9162040 4
9162009 9162019 5
9162103 9184018 1
9162004 9162102 8
9162099 9162059 7
9162043 52814612 6
9162110 9162068 5
9162062 784358748 10
9162019 9162009 36
9162038 9162113 8
9162058 9162012 10
9162019 774028738 5
9162085 9162012 3
9162107 9162004 11
9162079 9162110 4
9162021 9162084 6
9162107 9162160 0
9162113 9162037 2
9162103 9162087 8
9162079 554321029 9
9162077 783176672 8
9162090 9162079 3
9162077 9184018 13
9162107 586888382 6
9162009 9162115 1
9162016 9162087 18
9162016 9162102 26
9162079 9162068 4
9162012 9162043 7
9162115 9162040 10
9162113 9162040 17
9162160 9162158 10
9162026 9162158 5
9162028 9162119 8
9162010 9162058 1
9162099 9162066 6
9162071 9162160 5
9162058 783176672 11
9162059 9162038 6
9162019 9162158 11
9162010 9162159 44
9162160 9162066 7
9162058 9162040 2
9162004 9162040 12
9162085 9162087 1
9162004 9162059 25
9162084 9162158 2
9162059 783095006 5
9162016 9162055 3
9162009 9162158 45
9162093 9162059 0
9162022 9162049 3
9162059 9162024 5
9162004 9162034 3
9162093 784358748 11
9162035 9162040 4
9162032 9162025 1
9162042 9162113 21
9162113 9184024 0
9162007 9162115 3
9162042 9162119 8
9162066 783095006 5
9162007 9162158 6
9162059 9162122 4
9162081 783176708 23
9162037 9162026 7
9162160 9162016 16
9162016 9162085 4
9162122 9162103 4
9162158 9162016 8
9162016 9162084 12
9162026 9162160 11
9162007 9162009 4
9162110 9162062 5
9162160 774028738 7
9162010 783176708 90
9162043 9162012 2
9162022 9162058 6
586888382 9162159 2
9162158 9162087 5
9162158 9184024 6
9162099 52814612 18
9162062 9162007 4
9162093 9162119 9
9162016 9162107 15
9162102 9162115 1
9162115 9162016 4
9162016 9162077 9
9162079 9162102 4
9162022 9162021 13
9162030 9162068 34
9162055 9162009 9
9162047 774028738 13
9162012 9162049 10
9162022 9162115 9
9162077 9162028 5
9162019 9162007 2
9162079 9162037 12
9162032 9162026 10
9162059 9162007 7
9162028 9162024 6
9162093 9162056 4
9162001 9162102 18
9162158 9162012 43
9162056 9162113 17
9162066 9162110 5
9162004 9162007 2
9162158 9162113 10
9162030 9162059 1
9162119 9162110 10
9162007 9162004 19
9162084 9162115 0
9162090 9162115 2
9162110 9162009 5
9162026 9162085 11
9162021 9162058 9
9162065 783095006 6
9162001 9162087 3
9162102 9162122 8
9162062 9162099 6
9162107 9162119 5
9162021 9162062 6
9162119 819400248 24
9162160 9162007 4
9162077 9162034 13
9162001 783095006 2
9162016 9162062 1
9162068 9162159 0
9162158 9162159 14
9162021 819400248 21
9162056 9162037 1
9162085 9184018 11
9162058 9162115 10
9162001 586900421 2
9162099 9162024 10
9162107 9162113 11
9162159 9162119 8
9162085 586888382 1
9162009 9162077 13
9162071 9184018 9
9162071 52814612 13
9162084 9162107 10
9162024 783176708 8
9162068 9162034 10
9162071 9162042 6
9162084 9162066 5
9162026 9162030 15
9162065 9162012 0
9162085 783176708 18
9162026 9162009 10
9162159 9162103 10
9162010 9162016 27
9162085 9162009 2
9162009 9162159 8
9162025 784358748 0
9162102 9162071 2
9162090 9162040 5
9162159 9162077 4
9162160 9162079 3
9162113 9162071 4
9162026 9162010 6
9162056 52814612 15
9162087 586888382 9
9162026 9162019 7
9162090 52814612 3
9162009 9162021 8
9162025 9162019 1
9162019 9162034 5
9162079 783176672 4
9162021 9162056 6
586888382 9162065 1
9162090 783095006 7
9162102 9162087 8
9162081 9162113 19
9162093 586900421 10
9162025 9162024 5
9162012 9162113 38
9162004 9162012 8
9162110 9162107 4
9162025 9184018 18
9162056 9162085 2
586888382 9162049 0
9162071 784358748 0
9162026 9162047 0
9162016 9162066 1
9162119 9162062 6
9162102 9162056 3
9162032 783176708 9
9162068 9162009 9
9162030 9162077 22
9162028 9162113 4
9162009 586900421 10
9162030 783176708 16
819400248 9184018 12
9162115 9184018 6
9162119 9162071 50
9162158 9162064 14
9162030 9162028 9
783176672 554321029 21
774028738 784358748 21
774028738 9162009 23
52814612 9162065 15
774028738 9162040 20
52814612 9162087 13
783176672 9162028 7
783176672 9162065 0
586888382 9162122 14
586888382 9162068 0
783176672 9162077 78
586888382 9162087 4
586888382 9162115 9
586888382 9162047 10
783176672 9162090 2
783176672 9162034 18
586888382 9162043 0
783176672 9162131 1
783176672 9162115 40
819400248 9162019 56
819400248 9162037 3
819400248 9162079 8
783176672 9162068 11
783176672 9162024 17
783095006 9162043 11
554321029 9162027 26
554321029 9162028 9
554321029 9162126 8
554321029 9162025 9
774028738 9162103 19
783095006 9162049 16
783095006 9162087 6
554321029 9162062 7
554321029 9162042 7
783095006 9162025 13
783095006 9162099 0
783095006 9162062 23
783176708 9162024 32
783095006 9162016 7
783176708 9162126 4
783176708 9162056 44
783176708 9162131 4
784358748 9162001 37
784358748 52814612 9
784358748 9162160 10
784358748 9162056 1
784358748 819400248 13
586900421 9162001 8
784358748 9162058 16
783176672 9162037 55
586900421 9162122 27
774028738 9162058 5
774028738 9162131 9
774028738 9162066 71
774028738 9162102 39
9184003 9162019 11
9184003 9162159 16
9184003 819400248 3
9184005 9162032 11
9184005 9184024 16
9184005 9162071 15
9162024 9162077 0
9162024 9162103 7
9162024 9162058 0
774028738 9162032 16
9184018 9162159 3
52814612 9162030 13
52814612 9162025 51
774028738 9162055 1
819400248 554321029 1
9184018 9162019 13
9162081 9162030 14
9184018 9162016 9
9184018 9162027 9
9184018 9162007 8
9184024 9162115 2
9184018 9162085 12
9184018 9162040 0
9184018 9162081 18
9184018 9162032 16
52814612 9162090 9
9184024 9162004 35
9184024 9162079 8
9184024 9162158 9
9184024 9162028 7
9184024 9162159 3
9184024 783095006 5
9162115 9162035 8
586900421 9162054 14
586900421 9162102 101
586900421 9162090 12
9162025 9162010 6
9162056 9184018 9
9162040 9162062 2
9162022 9162025 4
9162059 9162077 3
9162160 9162019 4
9162085 9184024 5
9162035 9162064 6
9162110 9162030 1
9162159 784358748 3
9162026 9162103 6
9162028 9162034 5
9162001 9162062 14
9162103 9162001 2
9162115 554321029 10
9162026 9162001 5
9162122 819400248 22
9162103 783095006 10
9162026 9162007 5
9162028 9162049 2
9162068 9162038 4
9162042 9162160 9
9162084 9162119 5
9162047 9162103 5
9162081 9162009 0
9162122 9162009 9
9162110 9162028 5
9162028 9162062 0
9162043 9162037 9
9162158 9162034 7
9162071 554321029 1
9162102 783176672 6
9162016 783095006 0
9162016 9184003 14
9162026 9162110 13
9162043 9162113 5
9162062 9162021 4
9162103 9162071 4
9162021 9162022 10
9162027 9162030 3
9162037 586888382 18
9162103 9162025 6
9162059 9162043 7
9162119 9162007 0
9162009 9162055 9
9162016 9162122 25
9162028 9162064 2
9162001 9162090 0
9162034 9162004 18
9162043 9162034 3
9162115 9162085 8
9162055 783176672 8
9162099 783176708 3
9162032 52814612 6
9162062 9162019 4
9162028 9162159 0
9162126 9162160 1
9162043 774028738 5
9162071 9162043 2
9162032 586900421 6
9162040 9162001 9
9162024 9162059 6
9162021 9162016 22
9162079 586900421 12
9162012 9162024 6
9162028 52814612 6
9162103 9162084 1
9162049 9162016 3
9162115 9162090 1
9162062 774028738 1
9162160 9162042 7
9162058 9162103 14
586888382 9162026 6
9162022 783176708 44
9162158 9162007 2
9162009 9162047 10
9162115 9162026 7
9162103 9162058 5
9162001 9162160 4
9162065 9162034 4
9162030 9162042 4
9162021 9162007 15
9162160 9162071 4
9162087 9162103 9
9162047 9162102 2
9162012 9162071 2
9162119 9162058 35
9162028 9162071 0
9162062 9184018 9
9162012 9162087 6
9162159 9162038 3
9162077 9162113 9
9162113 9162026 4
9162093 9162079 4
9162021 9162090 1
9162066 9162113 7
9162028 9162019 11
9162113 9162056 4
9162113 9162059 9
9162055 9162102 3
9162113 9162047 12
9162047 9162065 0
9162035 9162115 15
9162079 9162113 5
9162062 9162025 5
9162079 9162066 8
9162071 9162026 5
9162071 9162113 12
9162035 9162009 0
9162107 9162021 4
9162113 9162042 0
9162012 9162038 7
9162009 9162038 9
9162085 9162010 18
9162079 784358748 1
9162059 9162068 9
9162004 783176672 36
9162068 9162042 6
9162030 9162058 4
9162159 9162037 3
9162009 9162040 4
9162012 9162062 8
9162099 9162113 6
9162103 9162024 2
9162122 9162034 5
9162110 9162064 4
9162012 9162110 8
9162081 9162040 5
9162059 9162019 2
9162090 586888382 5
9162035 783176672 3
9162043 784358748 8
9162001 9162066 9
9162042 9162064 9
9162077 586888382 2
9162012 9162122 0
9162158 9162066 18
9162099 9162034 2
9162081 9162110 1
9162107 9162010 18
9162115 9162049 21
9162022 9162007 10
9162077 9162042 3
9162077 9162058 3
9162081 9184005 18
9162016 9162047 12
9162058 9162019 4
9162077 9162030 4
9162019 9162077 2
9162021 9162065 6
9162030 9162012 34
9162062 9162038 7
9162038 774028738 6
9162079 9162071 10
9162019 9162004 16
9162079 586888382 23
9162062 783095006 7
9162032 9162081 6
9162102 784358748 3
9162160 783176708 5
9162102 9162064 11
9162037 9162012 4
9162158 9162122 10
9162115 9162021 4
9162085 783176672 7
9162084 9162004 5
9162103 9162068 10
9162028 9184024 3
9162077 9162035 2
9162047 9162122 1
9162054 586888382 5
9162059 9162040 14
9162028 9162115 1
9162062 9162158 8
9162026 784358748 1
9162047 9162040 3
9162047 9162107 7
9162068 9162019 3
9162079 9184024 1
9162160 9184003 1
9162026 9162068 3
9162026 9162065 2
9162032 9162038 4
9162062 9162071 8
9162160 9162059 9
9162071 9162159 2
9162084 9162110 4
9162064 819400248 0
9162087 9162012 3
9162085 9162021 1
9162042 9162022 4
9162037 9162042 12
9162047 783095006 2
9162102 9162077 6
9162065 783176672 3
9162084 9184018 12
9162021 9162026 13
9162122 9162087 9
9162007 9162099 3
9162010 9162007 11
9162026 9162038 4
9162099 9162010 11
9162068 9162087 3
9162068 9162084 1
9162087 819400248 4
9162054 9162115 2
9162160 9162056 2
9162032 9184005 7
9162038 783176672 7
9162025 9162026 9
9162159 9162066 4
9162056 9162038 12
9162062 9162122 13
9162019 9162122 5
9162084 9162102 2
9162026 9162049 1
9162019 9162021 2
9162056 9162066 5
9162079 9162055 7
9162034 9162103 3
9162110 9162022 4
9162021 9162043 4
9162158 9162019 8
9162025 9162113 9
9162122 9162113 9
9162159 9162040 9
9162043 9162049 3
9162071 9162038 3
9162012 9184003 17
9162077 9162024 1
9162158 9184003 20
9162085 9162110 3
9162001 52814612 1
9162122 9162035 3
9162021 9162066 7
9162012 9162068 18
9162004 9184018 58
9162004 9162068 3
9162035 9162030 4
9162016 9162030 2
9162062 783176672 24
9162040 9162016 29
9162058 52814612 2
9162090 819400248 2
9162012 52814612 29
9162025 9162038 7
9162158 9162084 6
9162113 9162016 4
9162077 9162066 12
9162110 783176672 3
9162028 784358748 7
9162159 9162065 2
9162126 9162103 3
9162090 774028738 7
9162066 9184018 5
9162093 9162107 2
9162010 9162055 8
9162028 586888382 11
9162084 783176708 3
9162058 9162056 1
9162010 9162024 5
9162113 9162090 8
9162030 9162103 9
9162027 9184018 5
9162032 9184003 3
9162040 9162159 2
9162030 9162160 6
9162019 819400248 18
9162058 9162079 3
9162040 9162102 10
9162093 9162085 3
9162016 9162159 14
9162026 9162084 3
9162021 9162034 3
9162040 9184018 10
9162077 9162103 6
784358748 783176708 24
9162030 9184024 18
9162159 9162010 24
9162115 9162030 12
9162028 819400248 0
9162079 9162009 4
9162012 9162059 17
9162059 9162010 16
9162010 9162066 12
9162122 9162026 9
9162042 9162047 6
9162102 783095006 39
9162001 9162158 1
9162037 9162030 4
9162043 9162040 5
9162004 9162055 2
9162103 9162064 4
9162030 9162027 4
9162021 9162160 16
9162009 9162035 0
9162026 9184005 0
9162099 9162107 9
9162004 9162038 5
9162022 9162160 34
9162066 9162158 0
9162010 9162004 189
9162119 9162122 93
9162001 9162035 3
9162042 9162019 8
9162066 9162009 11
9162159 9162079 4
9162032 9162085 4
9162032 9162034 9
9162103 9162042 12
9162037 9162004 11
9162093 9162160 2
9162087 52814612 0
9162131 9162103 1
9162064 9162158 1
9162030 9162158 9
9162064 9162012 0
9162064 9162055 1
9162081 9162043 6
9162037 9162103 2
9162059 9162028 0
9162085 9162026 1
9162090 9162037 2
9162001 9162058 14
9162035 9162038 11
9162062 9162085 2
9162007 9162119 56
9162025 9162158 9
9162043 9162066 1
9162037 9162159 1
9162113 9162062 9
9162012 9162160 6
9162110 9162115 6
9162001 9162159 0
9162022 9162102 8
9162004 9162047 9
9162001 9162032 1
9162068 9162090 0
9162022 9162030 1
9162110 9162016 22
9162159 9162021 7
9162103 9162059 5
9162043 9162010 5
9162081 9162028 11
9162026 9162066 10
9162113 9162126 0
9162077 9162040 0
9162064 9162010 6
9162122 783095006 16
9162068 9162059 8
9162043 9162035 2
9162030 9162085 2
9162026 9162059 1
9162016 9162064 18
9162115 9162122 21
9162102 9162066 2
9162030 9162025 8
9162062 9162042 11
9162093 9162038 5
9162030 9162009 12
9162024 9162126 0
9162115 819400248 5
9162024 9162055 9
9162009 9162043 2
9162115 9162012 6
9162115 9162077 12
9162115 9162110 1
554321029 9162012 0
52814612 9162054 4
52814612 9162026 10
783176672 9162084 7
586888382 9162056 5
586888382 9162028 3
586888382 783095006 12
586888382 9162090 0
586888382 9162037 19
783176672 9162122 7
819400248 9162025 32
819400248 9162016 52
783176672 9162035 54
783176672 9162158 10
783176672 774028738 2
819400248 9162077 121
783095006 9162010 1
554321029 9162159 6
554321029 9162049 5
554321029 9162047 1
774028738 9162084 12
554321029 9162099 3
554321029 9162021 45
783095006 9162107 12
783095006 9162019 2
783176708 9162049 10
783176708 9184024 72
819400248 9162035 9
784358748 9162110 15
784358748 9162022 13
784358748 9162043 17
784358748 774028738 4
784358748 9162055 17
784358748 9162049 77
586900421 9162084 2
586900421 9162034 28
586900421 774028738 26
784358748 9162025 23
586900421 9162079 31
586900421 9162055 10
586900421 9162087 45
586900421 9162058 6
586900421 9162077 159
586900421 9162081 4
774028738 9162049 6
774028738 9162087 2
9162119 9162066 38
9162119 9162032 11
9162119 9184005 1
9162119 9162158 9
9162119 9162010 6
9184003 9162107 4
9184003 9162113 15
9184003 774028738 7
9184003 9162007 51
9184003 9162058 3
9184003 9162158 49
9184003 9162160 15
9184003 9162021 1
9184005 9162004 48
9184005 9162115 5
9184005 819400248 5
9184005 9162059 2
9184005 52814612 11
9162024 9184024 7
9162024 9162043 6
9162024 9162122 9
774028738 9162047 9
819400248 9162056 1
9184018 9162062 7
9184018 9162056 0
9184018 9162084 9
9184018 9162103 0
9184018 9162049 1
9184018 9162126 13
9184024 9162027 2
9184024 9162103 7
9184024 9162021 10
9184024 9162012 3
9162081 9162077 4
9184018 784358748 12
9184018 9162099 5
9162037 819400248 16
9162016 9162079 7
9162122 9162071 5
9162024 9162026 5
9162126 9162066 5
9162062 9162064 5
9162066 774028738 2
9162066 9162012 0
9162084 9162024 8
9162110 9162102 6
9162032 9162158 5
9162068 9162021 6
9162059 783176672 14
9162026 9162079 7
9162056 9162035 4
9162025 9162040 3
9162042 9184003 6
9162055 9162037 2
9162081 9162085 10
9162085 783095006 2
9162077 9162026 9
9162122 9162159 1
9162032 9162068 4
9162021 9162068 0
9162102 9162043 15
9162090 783176672 8
9162113 586900421 20
9162035 774028738 2
9162035 9162122 6
9162027 9162034 2
9162032 9162012 2
9162010 9162022 13
9162016 9162037 5
9162081 9162068 6
9162037 9162126 1
9162028 9162122 2
9162110 9162042 3
9162102 9162030 5
9162122 9162040 18
9162025 554321029 4
9162042 9162115 10
9162085 9162037 5
9162040 9162042 7
9162059 774028738 4
9162040 9162158 8
9162158 9162026 11
9162021 554321029 4
9162021 9162054 5
9162102 9162099 3
9162037 9162035 7
9162019 9162159 2
9162049 9162119 1
9162059 9162047 3
9162035 9162079 4
9162115 9162071 24
9162079 9162059 8
9162022 9162110 4
9162021 783095006 2
9162049 9162103 5
9162043 783176708 1
9162032 9162007 8
9162025 9162064 3
9162107 9162055 5
9162047 9184018 0
9162004 9162025 1
9162103 52814612 24
9162047 9162024 4
9162119 9162047 9
9162055 9162119 0
9162042 9162087 8
9162071 9162058 5
9162065 783176708 6
9162025 9162102 9
9162064 9162066 7
9162009 9162037 53
9162062 9162030 1
9162043 9162158 4
9162093 783095006 9
9162042 783095006 0
9162065 9162030 1
9162115 9162022 2
9162068 9162040 0
9162049 9162040 4
9162042 9162110 5
9162047 9162019 9
9162055 9162019 2
9162055 9162010 2
9162019 9184018 4
9162004 9162064 9
9162084 9162099 5
9162016 9162059 23
9162102 9162160 4
9162001 9162119 6
9162102 9162038 7
9162126 9162026 2
9162010 9162160 10
9162103 774028738 3
9162160 9162065 1
9162158 9162047 12
9162068 52814612 2
9162022 9162026 3
9162032 9162042 0
9162042 9162071 3
9162065 9162049 3
9162021 9162113 17
9162093 9162064 9
9162160 9162102 7
9162058 783095006 0
9162058 9162038 8
9162158 554321029 2
9162043 9162077 1
9162102 774028738 4
9162077 9162079 1
9162158 9162025 7
9162019 9162056 2
9162099 774028738 3
9162093 9184024 4
9162107 9162024 9
9162056 9162024 5
9162102 9162159 0
9162087 9162034 5
9162010 9162099 36
9162058 9162009 15
9162099 784358748 13
9162056 819400248 10
9162068 9162079 6
9162066 52814612 0
9162084 586900421 17
9162066 783176672 4
9162103 9162026 2
9162028 9162026 9
9162042 9184018 3
9162090 586900421 5
9162025 9162077 3
9162042 9162059 7
9162102 9162110 2
9162160 9162040 11
9162019 783095006 1
9162102 9162042 5
9162099 9162115 4
9162035 9162062 1
9162042 9162084 1
9162085 9162158 6
9162019 9162038 5
9162159 9162022 7
9162019 9162047 8
9162093 9162122 4
9162077 9162038 1
9162012 9162058 4
9162071 9162066 3
9162079 9162085 5
9162054 52814612 8
9162034 9162038 3
9162049 9162004 4
9162001 9162065 3
9162021 9162093 2
9162066 9162071 3
9162085 586900421 2
9162077 9162012 4
9162019 784358748 25
9162062 586900421 17
9162040 9162037 4
9162122 9162081 0
9162084 9162113 2
9162055 819400248 8
9162103 9162055 7
9162042 9162024 5
9162010 9162025 0
9162038 819400248 0
9162032 9162058 8
9162081 586888382 0
9162049 586888382 8
9162034 9162028 2
9162042 9162099 9
9162032 9162009 22
9162059 9162115 45
9162056 9162159 4
9162085 9162056 6
9162087 9162068 4
9162093 9162113 4
9162084 9184024 2
9162009 52814612 18
9162019 9162160 8
9162159 9162042 5
9162113 9162087 6
9162026 9162042 6
9162064 586900421 3
9162009 9162102 9
9162028 586900421 7
9162028 9162040 1
9162038 9162158 1
9162024 9162099 9
9162065 586888382 3
9162042 9162007 7
9162043 9162055 3
9162043 9162103 8
9162025 9162049 2
9162068 9162122 5
9162071 9162027 0
9162122 9162110 4
9162012 9162090 1
9162028 9162030 3
9162058 783176708 21
9162001 9162037 8
9162064 9162068 1
9162040 9162007 10
9162079 9162159 6
9162049 783176672 2
9162084 9162042 11
9162062 9162010 2
9162160 9162064 2
9162110 9162026 11
9162085 9162115 9
9162028 783095006 8
9162064 9162107 0
9162028 9162085 3
9162062 9162034 10
9162055 9162038 4
9162065 52814612 10
9162040 9162043 2
9162084 9162059 6
9162099 9184003 24
9162049 9162019 1
9162079 9162062 7
9162090 9162102 1
9162010 9162071 10
9162079 9162158 4
9162040 9162038 10
9162071 9162028 2
9162009 9162079 1
9162004 9162159 2
9162037 9162034 7
9162107 9162040 2
9162043 9162016 0
9162160 783176672 3
9162012 9162034 75
9162131 9162009 0
9162079 9162042 0
9162027 9162009 0
9162159 9162160 3
9162158 9162055 6
9162027 783176672 0
9162037 9162009 6
9162159 9162030 2
9162037 783176672 5
9162113 9162077 0
9162004 52814612 6
9162032 9162087 1
9162009 9184024 4
9162068 9162113 11
9162026 9162062 6
9162024 9162042 8
9162028 9162004 14
9162042 9162001 6
9162007 9162055 0
9162099 9162042 11
9162159 9162058 4
9162062 9162102 6
9162126 9162056 0
9162004 9162028 13
9162077 554321029 3
9162158 9162065 4
9162040 9162032 0
9162004 9162110 5
9162071 9162068 1
9162001 9162122 0
9162055 9162012 11
9162103 9162049 9
9162012 9162001 6
9162081 9184003 0
9162103 9162077 7
9162087 9162040 2
9162065 9162158 6
9162107 9162043 0
9162042 9162159 8
9162024 783176672 12
9162081 9162103 4
9162022 9162085 1
9162071 9162037 8
9162021 9162085 8
9162025 9162032 0
9162093 9162009 10
9162115 9162079 16
9162016 774028738 19
9162010 9162087 4
9162113 9162110 4
9162110 9162034 3
9162030 9162102 9
9162049 586900421 3
9162107 9162065 2
9162131 52814612 9
9162007 783176672 9
9162068 9162064 3
9162084 9162160 2
9162010 774028738 3
9162066 9162021 1
9162093 9162158 5
9162159 9162107 9
9162090 9162113 0
9162079 9162032 2
9162038 9162004 8
9162068 9162102 5
9162022 9162034 23
9162004 9162024 43
9162093 9162007 0
9162055 9162113 6
9162040 9162022 6
9162059 9162026 3
9162160 9162026 5
9162010 9162079 4
9162115 9162158 8
9162028 9162099 2
9162158 9162056 9
9162038 783095006 6
9162043 9162019 4
9162110 9162056 2
9162099 9162055 5
9162035 9162025 2
9162056 9162122 0
9162093 586888382 0
9162122 774028738 12
9162025 9162084 1
9162012 9162077 4
9162042 9162037 5
9162032 9162066 8
9162042 9162040 8
9162158 9162058 3
9162126 52814612 5
9162085 784358748 20
9162107 9162042 5
9162016 783176708 7
9162113 9162066 20
9162032 9162099 0
9162059 9162084 2
9162160 9162077 5
9162025 9162042 0
9162040 9162054 2
9162042 9162107 7
9162113 9162099 1
9162085 9162042 3
9162103 9162065 4
9162064 9162102 2
9162028 9162077 6
9162081 9162021 1
9162087 9162026 1
9162081 9162049 0
9162010 9162038 7
9162047 784358748 2
9162054 9162038 1
9162090 9162068 3
9162055 9162021 3
9162085 52814612 7
9162026 9162012 0
9162079 9162122 3
9162037 52814612 1
9162065 9162160 2
9162085 9162065 2
9162028 554321029 1
9162043 9162079 5
9162028 9162027 0
9162056 9162064 6
9162032 9162049 2
9162065 9162119 6
9162122 9162022 1
9162034 9162113 0
9162071 9162110 5
9162102 9162010 4
9162012 9162079 18
9162026 9162113 10
9162090 9162026 8
9162159 774028738 6
9162038 9162042 5
9162012 9162085 0
9162077 9162158 2
9162010 9162059 31
9162035 9162102 9
9162047 52814612 8
9162040 52814612 68
9162062 9162079 7
9162037 9162087 4
9162113 9162021 4
9162102 9162059 0
9162090 9162119 4
9162110 9162085 1
9162113 9184003 0
9162022 9162122 8
9162022 9162059 11
9162066 9162115 7
9162099 9162126 1
9162004 9162079 1
9162009 9162058 0
9162115 774028738 12
9162022 9162065 25
9162119 9162131 5
9162071 9162131 0
9162038 9162115 2
9162001 9162021 8
9162064 9162009 5
9162084 783095006 0
9162043 9162059 5
9162110 9162066 9
9162042 9162062 8
9162035 9162021 1
9162081 9162160 4
9162007 9162010 0
9162012 9162047 7
9162103 9162107 5
9162102 554321029 1
9162016 9162090 6
9162032 819400248 3
9162058 9162068 0
9162047 783176672 7
9162040 9162110 4
9162028 783176708 6
9162007 9162042 11
9162054 783176672 3
9162066 9162102 2
9162007 9162001 8
9162059 9162001 2
9162115 9162058 10
9162026 9162016 10
9162032 9162159 2
9162009 9162034 18
9162059 9162065 1
9162071 9162158 8
9162032 9162043 5
9162037 9162038 2
9162077 9162159 11
9162042 9162026 2
9162054 9162059 2
9162012 9162016 9
9162122 9162010 10
9162019 9162043 4
9162122 52814612 7
9162099 783095006 2
9162042 9162102 10
9162042 9162158 5
9162028 9162059 4
9162016 9162065 7
9162030 9162047 3
9162058 9162066 7
9162085 9162062 1
9162093 9162021 7
9162054 774028738 4
9162034 52814612 2
9162113 9162055 9
9162079 9162126 2
9162081 9162056 2
9162103 9162028 0
9162084 9162103 4
9162113 52814612 3
9162010 9162037 4
9162107 9162022 4
9184003 9162043 2
9162077 9162059 3
9162103 9162160 9
9162068 9162024 15
9162038 9162049 2
9162066 586888382 10
9162055 9162103 10
9162068 9162107 0
9162019 9162107 7
9162059 9162159 7
9162071 586900421 2
9162068 9162103 11
9162159 9162009 13
9162068 9162158 3
9162025 9162012 5
9162040 9162058 4
9162021 9162122 1
9162113 784358748 37
9162019 9184003 7
9162042 9162077 4
9162102 9162024 2
9162090 9162055 2
9162119 586900421 29
9162007 9162056 2
9162103 9162043 8
9162056 9162110 4
9162024 9184005 2
9162059 9162016 7
9162043 9162115 12
9162047 9162058 3
9162022 9162107 11
9162001 9162030 11
9162087 9162102 3
9162113 9162025 2
9162028 9162055 2
9162059 9162042 14
9162034 9162049 2
9162042 783176708 13
9162110 9162049 2
9162001 9162055 7
9162090 9162009 0
9162054 9162026 0
9162113 9162043 6
9162071 9162010 9
9162040 9162021 6
9162103 9162159 3
9162081 9162064 0
9162099 9162016 9
9162158 9162035 4
9162009 9162066 8
9162099 9162035 5
9162158 9162009 7
9162066 9162038 1
9162115 9162047 5
9162038 9162012 2
9162032 9162102 7
9162115 9162019 0
9162030 9162090 5
9162004 9162026 8
9162028 9162079 4
9162065 9162103 8
9162030 9162065 0
9162066 9162042 6
9162024 9162007 3
9162160 9184024 5
9162021 9162126 2
9162115 9162064 2
9162066 9162077 4
9162059 9162037 7
9162032 9162062 3
774028738 9162090 2
52814612 783095006 30
774028738 9162021 9
783176672 9162025 8
783176672 783176708 19
586888382 9162158 8
586888382 9162085 3
586888382 9162110 10
819400248 586900421 7
783176672 9162126 21
819400248 9162054 2
783095006 52814612 2
783095006 9162110 9
554321029 9162158 7
554321029 9162022 2
554321029 819400248 3
554321029 52814612 5
554321029 9162113 17
783095006 586900421 13
554321029 783095006 7
783095006 9162047 2
554321029 9162010 29
783095006 9162027 0
783095006 9162084 2
783176708 9162107 10
783095006 784358748 10
783176708 9184005 8
819400248 9162034 5
783176708 9162081 3
783176708 9162016 26
784358748 9162007 35
784358748 9162087 1
784358748 9162085 32
784358748 9162122 6
784358748 9162119 47
784358748 9162131 19
784358748 9162037 11
586900421 52814612 14
586900421 783095006 41
784358748 9162115 36
586900421 9162032 45
784358748 783095006 6
783176672 783095006 25
586900421 9184024 9
774028738 9162056 11
9162119 9162009 6
9162119 9162093 8
9162119 9162087 5
9162119 52814612 12
52814612 9162093 51
9184003 9162099 2
9184003 9184018 13
9184003 9162054 1
9184003 9162066 8
9184005 9162034 19
9184005 9162066 20
9162024 9162047 1
9162024 9162028 5
9162024 586888382 9
9162024 9162071 1
9162024 9162085 5
9162024 9162159 5
9162030 9162081 8
9162119 9162102 12
9184005 9162016 3
9184005 9162110 0
783176708 9162084 9
783095006 9162090 5
52814612 9162102 19
774028738 9162126 18
819400248 783176672 8
9162081 9162034 9
9184018 9162068 8
9184018 9162042 8
9184018 783176672 116
9184018 9162012 9
9162081 9162012 2
9162081 9162027 3
9184018 9162010 20
9162081 9162158 8
9184003 9162122 4
9162024 9162037 17
9162024 9162034 3
9184005 9162019 6
9184024 784358748 8
9184024 9162025 6
9184024 9162077 5
9184024 9162030 25
9184024 9162034 5
9184024 9162047 2
9184024 9162160 11
9184024 9162024 9
9184024 9162090 2
9184024 9162068 2
9184024 9162066 7
9184024 9162110 0
9184024 9162084 1
9184024 9162010 2
9184024 9162037 6
9184024 9162099 3
9184018 819400248 2
9162081 9162042 1
9162115 783176672 5
9184018 9162021 9
9184018 9162064 4
819400248 9162122 37
554321029 9162001 3
586900421 9162085 31
9162122 9162158 6
586900421 9162062 11
52814612 9162032 15
9162056 9162042 4
9162093 9162026 3
9162077 9162022 13
9162084 9162038 8
9162059 9162110 6
9162007 9162122 4
9162043 9162024 9
9162034 9162037 6
9162007 9162110 3
9162038 9184003 1
9162064 9162034 1
9162122 586888382 89
9162026 52814612 6
9162077 9162007 7
9162035 819400248 7
9162001 9184018 3
9162099 9162009 0
9162159 9162158 9
9162093 9162071 2
9162047 9162068 0
9162093 9162037 2
9162043 9162026 7
9162027 9162016 0
9162040 9184005 2
9162058 774028738 5
9162087 9162001 3
9162071 9162064 1
9162025 9184003 3
9162058 9162016 6
9162022 9184018 11
9162102 9162037 2
9162047 9162016 9
9162107 783176672 27
9162160 9162035 1
9162022 9162119 18
9162034 9184018 2
9162037 9162079 3
9162037 9162077 4
9162065 9162047 2
9162062 9162068 6
9162054 9162055 0
9162066 9162035 1
9162038 9162024 7
9162065 9162040 3
9162007 9162037 2
9162103 9162019 4
9162019 783176708 21
9162107 9162059 20
9162099 9162043 2
9162126 9162115 6
9162158 9162054 3
9162030 9162040 3
9162022 9162062 0
9162032 9162010 2
9162019 9162064 3
9162042 9162030 1
9162025 9162062 4
9162085 9162038 1
9162054 9162103 4
9162084 9162028 0
9162026 9162081 2
9162131 586900421 0
9162085 9162064 3
9162058 9162160 4
9162054 819400248 3
9162064 52814612 9
9162113 9162102 7
9162040 9162059 14
9162026 9162022 7
9162158 9162062 6
9162110 9162160 0
9162065 9162071 1
9162102 9162068 6
9162126 9162047 1
9162099 9162068 2
9162004 9162058 13
9162068 783176672 3
9162062 52814612 7
9162056 9184003 6
9162032 9162079 4
9162021 9162035 1
9162058 784358748 1
9162043 9162099 8
9162030 9162159 7
9162007 9162159 3
9162019 9162087 0
9162012 9162032 2
9162034 9162054 0
9162160 9162107 12
9162085 9162028 6
9162159 9162110 0
9162022 783095006 2
9162038 9162077 4
9162040 9162084 0
9162126 586900421 0
9162058 9162065 3
9162066 9162010 7
9162099 9162160 5
9162010 9162122 2
9162032 9162160 3
9162084 9162012 1
9162071 9162032 2
783176672 819400248 5
9162035 9162007 5
9162025 9162059 4
819400248 783176708 0
9162032 9162131 4
9162079 9162035 4
9162085 9162159 4
9162022 9162093 2
9162009 9162007 2
9162038 52814612 1
9162126 9162058 0
9162071 9162099 1
9162025 9162047 3
9162065 9162054 0
9162010 9162043 12
9162049 9162012 0
9162159 9162122 7
9162040 9162122 2
9162054 9162022 2
9162081 9162019 2
9162038 9162087 4
9162055 9162160 4
9162071 9162059 6
9162043 9184024 0
9162079 9162090 3
9162099 9162049 4
9162016 819400248 6
9162007 9162079 0
9162038 9162028 3
9162115 52814612 6
9162021 9162099 4
9162049 9162037 0
9162054 586900421 0
9162158 9162068 7
9162054 9162066 5
9162034 9162077 1
9162131 9162040 0
9162055 586900421 5
9162131 9162160 4
9162071 9162049 3
9162065 9162085 0
9162126 9162019 1
9162066 9162026 3
9162024 9162079 9
9162056 9162030 4
9162160 9162037 4
9162068 9162016 0
9162024 9162054 4
9162126 9162064 2
9162040 9162049 1
9162058 9184003 1
9162035 52814612 2
9162084 9162035 1
9162122 554321029 9
9162056 774028738 0
9162068 9162032 4
9162085 9162160 9
9162087 783095006 6
9162025 783176672 9
9162093 9162058 0
9162037 9162032 3
9162058 9162010 9
9162022 9162001 9
9162009 9162068 4
9162159 9162026 6
9162122 9162107 3
9162077 9162049 2
9162159 554321029 1
9162012 9184018 36
9162034 9162115 10
9162122 9162079 3
9162087 9184003 0
9162159 9162071 5
9162001 9162026 2
9162122 9162062 9
9162025 9162079 4
9162158 9162032 5
9162062 9162024 0
9162093 783176672 2
9162056 9162016 3
9162026 9162087 5
9162077 9162019 1
9162064 9162126 0
9162021 9162030 4
9162037 9162066 1
9162047 9162062 4
9162103 9184024 2
9162032 9162024 5
9162004 9162037 1
9162042 9162122 6
9162004 9162062 7
9162001 9162079 0
9162131 9162158 2
9162054 9162079 1
9162099 9184024 0
9162062 9162087 2
9162068 9162065 3
9162054 9162071 1
9162065 9162159 0
9162040 9162087 2
9162122 9162032 1
9162110 9184018 4
9162012 9162119 5
9162102 9162049 1
9162054 9162160 1
9162110 784358748 10
9162064 9162049 1
9162102 9162034 4
9162009 9162025 0
9162024 9162010 6
9162066 9162016 3
9162019 9162025 0
9162158 9162001 5
9162071 9162055 3
9162122 9162065 3
9162081 9162025 6
9162158 9162030 1
9162068 9162001 0
9162010 9162085 13
9162024 783095006 10
9162087 9162107 0
9162047 9162085 3
9162001 9162010 2
9162126 9162158 5
9162037 9162055 1
9162058 9162110 4
9162122 9162077 5
9162090 9162034 7
9162110 819400248 2
9162110 9162021 2
9162159 9162059 13
9162110 9162040 9
9162079 9162025 4
9162054 9162007 2
9162160 9162122 6
9162159 9162025 2
9162007 9162071 3
9162038 9162102 0
9162038 586900421 2
9162030 9184005 15
9162065 9162025 4
9162010 9162062 2
9162115 586900421 34
9162077 586900421 1
9162010 9162047 2
9162059 9162085 0
9162160 9162062 5
9162071 9162065 1
9162055 9162099 2
9162007 9162113 4
9162056 9162019 5
9162064 9162159 8
9162085 9162102 8
9162054 783176708 2
9162021 9162159 12
9162099 9162064 4
9162026 9162099 4
9162038 9162110 2
9162099 9162071 4
9162102 9162107 1
9162012 774028738 8
9162055 9162016 2
9162126 9162012 2
9162062 9162054 1
9162079 9162007 2
9162012 9162064 225
9162025 9162034 8
9162079 9162087 2
9162022 9162043 5
9162110 9162024 10
9162084 9162022 0
9162007 9162021 2
9162115 9184005 3
9162113 9162049 4
9162066 9162107 0
9162001 9162043 6
9162131 9162022 2
9162159 783176708 0
9162159 9162049 4
9162068 9162099 0
9162055 9162040 1
9162047 9162038 5
9162158 819400248 6
9162099 9162158 9
9162037 9162010 6
9162113 9162064 7
9162099 9162085 1
9162107 9162028 1
9162027 9162004 2
9162047 783176708 30
9162047 819400248 7
9162054 9162102 2
9162055 9162087 2
9162019 9162058 0
9162107 9162026 12
9162062 9162056 5
9162058 9162102 7
9162122 586900421 0
9162026 9162040 9
9162035 9162056 1
9162038 9162071 2
9162159 9162034 0
9162077 9162122 4
9162090 9162066 4
9162043 9162110 1
9162034 9162058 1
9162062 9162084 1
9162084 783176672 4
9162084 9162037 8
9162084 9162021 1
9162054 9162065 1
9162054 9162012 1
9162107 9162103 7
9162077 774028738 11
9162024 9162131 4
9162034 586888382 0
9162042 9162079 0
9162107 9162037 0
9162007 9162066 2
9162021 9162025 8
9162022 819400248 97
9162085 9162113 4
9162056 9162034 7
9162077 9162064 5
9162079 9162107 3
9162062 9162058 3
9162019 9162084 4
9162126 9162038 1
9162038 9162066 1
9162059 784358748 7
9162099 9162159 1
9162038 9162034 1
9162035 9162024 2
9162160 9162159 4
9162126 9162159 4
9162099 9162062 0
9162047 9162043 0
9162047 9162059 1
9162040 9162160 3
9162043 9162084 1
9162054 9162021 3
9162084 9162016 5
9162085 9162068 3
9162115 586888382 22
9162110 9184005 0
9162037 9162007 3
9162102 9162158 6
9162032 9162084 6
9162066 9162099 1
9162024 9162027 1
9162054 783095006 0
9162122 9162059 6
9162025 783176708 4
9162071 9162054 0
9162103 9162056 3
9162035 9162026 0
9162093 52814612 15
9162040 9162028 7
9162034 586900421 1
9162071 9184003 3
9162099 9162056 3
9162077 9162025 4
9162019 9162068 1
9162037 554321029 2
9162016 9184024 3
9162055 9162071 3
9162007 774028738 3
9162113 9162032 3
9162071 9162022 5
9162107 9162064 4
9162047 9162159 8
9162093 9162103 6
9162107 9162131 0
9162084 9162040 0
9162122 9162038 3
9162009 9184018 12
9162131 9162122 2
9162113 9162058 9
9162022 9162081 1
9162090 9162019 2
9162122 9162085 0
9162034 9162026 6
9162040 9162026 3
9162099 9162037 1
9162107 9162079 4
9162068 9162049 1
9162009 783095006 5
9162022 9162113 1
9162028 9162160 8
9162077 9162084 2
9162037 9162027 0
9162001 9162034 6
9162103 9162007 9
9162103 586900421 19
9162043 9162068 6
9162019 9162066 1
9162019 9162090 0
9162009 9162122 11
9162040 783095006 5
9162047 9162071 2
9162087 9184024 0
9162022 774028738 12
9162079 9162099 2
9162071 774028738 9
9162026 9162055 1
9162056 9162102 7
9162004 9162131 0
9162034 783176708 2
9162004 9162019 12
9162113 9162030 20
9162035 9162042 2
9162019 9162119 4
9162027 9162079 0
9162113 9162019 1
9162122 9184024 4
9162079 9162065 6
9162007 9162160 4
9162081 9162016 4
9162068 9162047 1
9162038 9162103 7
9162042 9162081 0
9162068 586888382 28
9162025 9162066 8
9162062 9184003 3
9162042 9162058 6
9162077 9184024 1
9162034 9162071 4
9162090 783176708 7
9162021 9162077 9
9162084 9162087 2
9162126 9162065 1
9162064 9162110 0
9162047 9162119 5
9162035 9184018 4
9162160 9162115 1
9162025 9184024 7
9162159 9162056 2
9162019 9162103 11
9162010 9162026 15
9162054 9162016 3
9162055 774028738 3
9162079 9162056 6
9162131 783095006 1
9162019 586888382 4
9162068 9162035 2
9162016 9162007 5
9162030 52814612 6
9162019 9162115 1
9162047 9162028 5
9162066 9162030 2
9162049 9162010 2
9162037 9162001 0
9162084 9162079 0
9162037 9162102 18
9162066 554321029 3
9162026 9162102 2
9162025 9162058 3
9162030 9162126 2
9162102 9162081 5
9162064 9184018 4
9162042 9162126 0
9162040 9162071 6
9162035 9162034 10
9162056 9162028 0
9162058 9162126 0
9162009 9162110 31
9162115 9184003 0
9162027 9162024 2
9162037 9162065 3
9162054 9162158 3
9162010 9162084 0
9162037 9162019 8
9162026 9162093 0
9162099 9162025 5
9162049 9162043 0
9162093 9162047 2
9162064 9162040 4
9162131 9162034 4
9162064 783095006 3
9162038 9162065 0
9162025 9162037 6
9162010 9162028 53
9162159 9162007 7
9162042 9162021 9
9162093 9162032 0
9162110 9162113 11
9162012 9162028 17
9162040 9162047 8
9162021 9162001 5
9162159 783176672 20
9162037 9162022 2
9162043 9162087 3
9162090 9184018 7
9162158 9162093 5
9162107 9162047 7
9162030 9162022 2
9162084 9162026 0
9162032 783176672 8
9162021 9162079 6
9162126 9162034 4
9162004 9162085 2
9162004 9162022 1
9162019 9162071 5
9162026 9162064 10
9162159 9162055 4
9162022 9162099 9
9162038 9162040 6
9162093 9162126 0
9162058 9162037 9
9162059 9162107 3
9162022 9162064 11
9162043 9162159 7
9162001 9184024 1
9162034 9162056 3
9162093 9162102 3
9162056 9162068 4
9162090 9162087 3
9162059 9184003 7
9162107 9184018 0
9162159 9162090 3
9162102 586900421 15
9162056 9162160 8
9162049 9162065 2
9162034 774028738 6
9162068 9162026 2
9162066 783176708 3
9162022 9162066 5
9162024 9162113 2
9162019 9162037 7
9162065 9162122 1
9162010 9162065 6
9162064 9162026 3
9162107 9162016 11
9162102 9162047 2
9162035 9162159 0
9162081 9162093 3
9162058 9162064 0
9162119 9162084 11
9162131 9162019 2
9162099 9162090 2
9162043 819400248 3
9162126 9184018 6
9162068 9184018 0
9162021 9162024 9
9162035 586900421 7
9162026 9162058 0
9162035 9162158 2
9162009 9162119 5
9162056 9162065 1
9162038 9162119 4
9162062 9162059 3
9162090 9162158 2
9162027 9162042 1
9162025 9162021 2
9162115 9162032 0
9162081 784358748 3
9162035 9162066 1
9162004 554321029 3
9162038 9162099 4
9162024 9184003 8
9162113 9162035 5
9162035 9162037 9
9162068 9184003 5
9162126 9162059 0
9162043 9162027 0
9162085 819400248 2
9162107 9162110 2
9162040 9162035 7
9162066 9162122 0
9162040 9162030 6
9162090 9162007 1
9162099 9162007 4
9162035 9162085 9
9162019 9162040 12
9162087 9162071 9
9162007 9162065 0
9162034 9162126 1
9162055 783095006 2
9162049 783095006 2
9162099 9162047 1
9162030 9162099 0
9162099 9162038 3
9162122 9162028 0
9162071 9162030 6
9162043 9162001 0
9162012 9162158 26
9162062 9162026 9
9162054 9162122 2
9162122 9162056 0
9162032 9162059 4
9162049 9162009 3
9162110 9162054 1
9162049 9162113 1
9162001 9162099 8
9162028 9162038 1
9162026 9162043 0
9162160 9162084 1
9162038 9162037 3
9162009 554321029 3
9162099 9162102 8
9162042 9162054 3
9162038 9162056 1
9162066 9162025 3
9162107 9162007 10
9162054 9162042 2
9162009 9162001 17
9162160 784358748 21
9162009 9162099 7
9162071 9162034 5
9162019 9162099 1
9162037 9162043 2
9162065 9162007 5
9162103 9162038 18
9162113 774028738 0
9162035 9162054 0
9162090 9162122 2
9162032 9162126 2
9162122 9162030 9
9162043 9162030 0
9162099 9162022 3
9162025 9162122 8
9162113 9162079 3
9162054 9162019 4
9162032 9162047 5
9162071 9162001 0
9162099 9162087 4
9162065 819400248 6
9162030 9162064 5
9162042 9162043 2
9162090 9162110 0
9162010 9162049 8
9162064 9162071 2
9162090 554321029 3
9162054 9162099 2
9162065 9162102 3
9162103 9162030 1
9162079 9162026 5
9162159 9184003 7
9162047 9162042 2
9162034 9162160 2
9162131 9162028 0
9162004 9162010 6
9162034 9162042 1
9162081 9162159 2
9162058 9162043 2
9162035 9162010 1
9162056 9162007 4
9162107 9162049 3
9162056 9162062 2
9184003 9162028 3
9162056 9162049 0
9162084 819400248 5
9162004 784358748 3
9162113 9162081 0
9162160 9162068 9
9162025 9162068 3
9162119 9162160 2
9162115 9162066 18
9162038 9162007 2
9162009 9162064 36
9162122 9162090 0
9162024 9162012 3
9162077 9162043 6
9162062 9162160 8
9162115 9162062 7
9162030 586900421 2
9162122 9162058 6
9162025 9162081 3
9162030 9162107 3
9162090 9162059 3
9162038 9184018 3
9162009 9162062 5
9162034 9162119 17
9162081 9162062 0
9162055 9162158 5
9162007 9162038 8
9162079 9162043 2
9162093 9162027 0
9162066 9162085 2
9162093 9184018 13
9162122 9162001 0
9162012 9162026 9
9162030 9162054 4
9162068 9162110 4
9162160 9162038 2
9162012 9162037 2
9162071 9162081 1
9162040 9162068 2
9162030 9162024 7
9162038 9162084 1
9162131 9162115 3
9162093 9162066 6
9162024 9162001 0
9162122 9162064 7
9162001 9162084 2
9162040 9162019 17
9162022 9162071 16
9162024 9162087 3
9162107 9162066 6
9162022 9162028 3
9162160 586900421 1
9162119 9162040 9
9162087 9162113 6
9162059 9162058 1
9162009 9162085 2
9162113 9162007 7
9162131 9162055 0
9162019 9162110 9
9162025 9162087 2
9162085 554321029 3
9162103 9162085 2
9162047 586888382 8
9162102 9184003 3
9162062 9162047 8
9162035 9162110 4
9162160 9162001 5
9162004 9162043 5
9162065 9162009 2
9162022 9162131 4
9162068 9162025 4
9162084 9162019 4
9162043 9162093 0
9162119 9162035 22
9162032 9162122 3
9162103 9162079 5
9162113 9162107 9
9162102 52814612 5
9162040 9162077 6
9162030 9162016 6
9162110 9184024 5
9162087 783176672 5
9162122 9162049 1
9162009 9162087 4
9162034 9162158 1
9162047 9162010 10
9162030 819400248 0
9162040 586900421 5
9162004 9162122 4
9162099 9184018 4
9162110 9184003 6
9162160 9162113 9
9162027 9184005 0
9162062 9162043 9
9162040 9162066 7
9162064 9162037 3
9162027 9162066 1
9162071 9162077 3
52814612 9162131 17
52814612 9162055 8
586888382 9162024 26
586888382 9162022 20
586888382 9162027 0
586888382 9162079 8
586888382 9162084 3
783176672 9184024 0
586888382 9162035 0
586888382 9162062 3
783176672 52814612 6
783176672 9162022 32
586888382 9162034 4
819400248 784358748 127
819400248 9184005 1
819400248 9162090 13
554321029 9162107 0
554321029 9162016 46
554321029 9162056 3
783095006 9162056 14
783095006 9162058 13
554321029 9162085 9
783095006 9162022 5
554321029 9162093 3
783095006 9184003 19
783176708 9184003 9
819400248 9162085 8
819400248 9162030 11
784358748 9184024 2
784358748 9162126 75
784358748 9162062 9
784358748 9162090 3
784358748 9162054 4
784358748 9162035 25
784358748 9162093 2
784358748 9162065 16
783176672 9162049 15
586900421 9162093 1
774028738 9162007 5
9162119 9162081 9
9162119 9162049 2
9162119 9184003 0
52814612 9162081 2
774028738 9162054 2
9162119 9162016 4
9162119 9162085 6
9162119 9162159 5
9162119 9184024 22
9162119 9162055 3
9184003 9162047 12
9184003 9162037 4
9184003 9162102 4
9184003 9162077 15
9184003 9162049 9
9184003 9162026 28
9184005 9162047 5
9184005 9162035 5
9184005 9162126 8
9184005 9162009 9
9184005 9162007 2
9184005 9162085 5
9162024 554321029 17
9162024 9162084 5
9162024 9162102 4
9162024 9162093 2
9162024 9162025 5
9162024 9162119 59
9162024 9162115 21
9162119 9162043 2
9162030 784358748 32
9184005 9162087 0
9184005 9162113 57
9184005 9162068 2
9184005 9162062 6
9184005 9162090 3
9184005 9162043 12
52814612 9162084 29
819400248 9162126 8
9184018 9184003 15
9162081 9162131 0
9162081 9162079 15
9184003 9162001 1
9184003 9162110 9
9184003 9162025 3
9162024 9162065 5
9184005 9162028 79
9184005 9162160 0
9184005 9162093 0
52814612 9162058 10
52814612 9162126 2
9184024 9162093 4
9184024 9162038 1
9184024 9162113 10
9184024 9162049 9
9184024 9162009 5
9184024 554321029 5
9184024 9162081 9
9184024 9162062 4
9184024 9162065 6
9184024 9162122 6
9184024 9162055 1
9162081 9162087 2
9162081 9162084 2
9162115 9162107 0
9162115 9184024 1
9162115 9162068 4
9162115 9162093 0
9162115 9162065 6
9184018 9162058 9
9184018 9162131 4
819400248 9162043 1
819400248 9162084 2
819400248 9162159 152
819400248 9162107 12
774028738 9162035 5
554321029 9162009 14
554321029 9184003 2
52814612 819400248 43
783176672 9162019 24
9162032 9162065 3
9162119 9162025 6
9162065 9162077 0
9162038 9162090 0
9162004 9162090 1
9162016 9162056 7
9162034 9162059 1
9162019 9162102 2
9162034 9162110 1
9162024 9162021 1
9162032 9162027 1
9162024 9162022 6
9162040 9162034 2
9162001 9162110 2
9162079 9162093 0
783176672 9162159 15
784358748 9162084 7
9162024 819400248 11
783176672 9162043 9
9162077 9162010 2
819400248 774028738 7
819400248 9162028 30
9162004 9162158 10
9162028 783176672 0
9162085 9162071 0
9162027 9162159 0
9162055 9162026 0
9162010 554321029 0
9162059 9162071 6
9162068 9162055 3
9162040 9162065 3
9162040 9162093 1
9162030 9162019 7
9162068 9184024 1
9162126 783176708 11
9162032 9162055 5
9162019 783176672 22
9162065 9162113 9
9162064 9162113 6
9162093 9162077 7
9162059 9162062 5
9162068 9162028 5
9162054 9162126 2
9162047 9162021 0
9162028 9162065 0
9162087 9162085 2
9162019 9162065 3
9162062 9162022 1
9162107 9162081 1
9162064 9162081 1
9162085 9162107 1
9162038 9162058 2
9162058 9162025 2
9162087 784358748 2
9162090 9162001 0
9162068 9162054 0
9162068 9162058 7
9162040 9162099 4
9162064 783176672 5
9162087 9162122 2
9162049 9162087 0
9162034 9162024 1
9162027 9162158 1
9162062 9162090 2
9162159 9162131 0
9162007 9162068 3
9162059 9162054 0
9162012 9162126 0
9162035 9162084 3
9162037 9162040 4
9162064 9162024 0
9162131 9162079 0
9162058 9162007 1
9162034 9162079 4
9162093 9162049 4
9162068 9162126 3
9162115 9162081 2
9162022 9162084 2
9162025 9162030 7
9162034 9162035 0
9162110 9162081 0
9162007 9162077 4
9162122 9162084 3
9162058 9162030 5
9162054 9162081 0
9162055 9162058 2
9162059 9162099 4
9162019 9162032 2
9162107 9162056 5
9162054 9162037 0
9162027 9162064 1
9162043 9162064 2
9162058 9162077 1
9162065 9162021 7
9162122 9184005 2
9162107 9162068 14
9162084 9162054 0
9162090 9184024 2
9162126 9162001 0
9162068 784358748 1
9162064 9162021 5
9162065 9162019 2
9162035 9162090 4
9162059 9162025 4
9162034 9162022 1
9162066 9162159 3
9162159 9162035 0
9162126 9162102 0
9162058 9162113 7
9162090 9162071 4
9162068 9162071 6
9162004 9162056 5
9162027 9162126 0
9162038 9162021 5
9162038 9162030 2
9162065 9162110 1
9162113 9162131 2
9162079 9162047 6
9162093 9162016 4
9162025 9162085 0
9162040 774028738 1
9162059 9162030 9
9162099 9162058 2
9162087 9162047 0
9162001 9162056 3
9162159 9162102 1
9162012 9162056 6
9162040 9162090 1
9162159 9162047 5
9162131 9162081 0
9162058 9162107 2
9162084 9162065 2
9162056 9162047 1
9162055 9162064 0
9162010 9184024 0
9162059 9162090 1
9162028 9162090 3
9162042 9162068 0
9162009 9162160 3
9162064 9162122 1
9162093 9162035 4
9162103 9162035 6
9162027 586888382 2
9162049 784358748 8
9162032 9162056 2
9162084 784358748 26
9162084 554321029 0
9162007 783095006 6
9162066 9162037 5
9162077 9162016 0
9162049 9162059 2
9162016 9162001 34
9162025 586900421 4
9162131 784358748 1
9162047 9162126 1
9162049 783176708 5
9162066 9162024 1
9162107 9162030 10
9162084 9184005 0
9162084 9162077 4
9162077 9162126 4
9162004 9162084 8
9162113 9162084 0
9162055 9162056 0
9162047 9162037 12
9162126 9162007 0
9162081 783176672 0
9162032 9162093 4
9162027 9162040 2
9162056 9162093 4
9162034 9162007 0
9162043 9162022 1
9162024 9162068 0
9162126 9162087 0
9162049 9162115 2
9162066 9162049 1
9162019 9162131 0
9162103 9162110 10
9162110 9162037 6
9162042 9162032 0
9162066 9162001 3
9162066 9162059 3
9162066 9184003 0
9162071 9162035 2
9162079 9184005 5
9162058 9162054 0
9162032 784358748 2
9162084 774028738 0
9162038 9162019 1
9162122 9162024 3
9162058 9162159 0
9162102 9184018 0
9162012 9162019 15
9162007 9162016 3
9162027 9162032 3
9162004 9162035 7
9162027 9162113 0
9162047 9162030 0
9162047 9162035 2
9162077 9162131 1
9162126 9162107 2
9162010 9162115 36
9162110 9162065 4
9162012 9162099 18
9162158 9162090 4
9162055 9162054 1
9162062 9162131 1
9162131 819400248 0
9162038 9162016 0
9162058 9162047 4
9162062 9162055 6
9162055 9162049 1
9162016 9162028 9
9162126 9162113 6
9162021 9162049 4
9162122 9162016 3
9162122 9162042 11
9162159 819400248 5
9162064 9162032 2
9162056 9162090 0
9162035 9184024 0
9162028 9162081 3
9162093 9162010 7
9162099 9162093 0
9162056 9162022 1
9162093 9162040 7
9162056 9162043 0
9162037 9162107 17
9162058 9162049 1
9162079 9162028 3
9162084 9162058 0
9162035 9162047 1
9162047 586900421 22
9162068 9162131 0
9162159 9162001 9
9162099 554321029 2
9162065 9162079 1
9162034 784358748 0
9162054 9162077 1
9162034 9162066 2
9162049 9162035 1
9162016 9162093 7
9162068 9162027 1
9162071 9162025 2
9162009 9162056 48
9162028 9162043 2
9162066 784358748 1
9162022 9162090 5
9162068 9162012 4
9162085 9162047 0
9162122 784358748 2
9162090 9184005 0
9162160 9162099 1
9162084 9162043 0
9162068 9162010 5
9162093 9162087 0
9162038 9162079 0
9162001 9162025 3
9162001 9162126 0
9162001 774028738 3
9162007 9162126 2
9162103 9162037 2
9162110 9162159 8
9162107 783095006 0
9162016 9162081 1
9162058 554321029 16
9162026 9162126 3
9162131 9162004 39
9162027 783176708 1
9162010 9162068 5
9162113 9162093 2
9162131 9162010 5
9162055 9162085 0
9162035 9162019 3
9162066 819400248 4
9162126 9162016 0
9162126 9162071 0
9162090 9162022 0
9162099 9162122 9
9162122 9162099 1
9162103 9162122 0
9162027 9162043 1
9162035 9162126 1
9162090 9162099 2
9162158 9162059 16
9162077 9162071 6
9162079 9162016 5
9162032 9162035 6
9162025 9162056 5
9162093 9162110 3
9162077 9184005 36
9162087 783176708 12
9162110 9162007 6
9162028 9162126 0
9162055 9162126 0
9162113 9162159 11
9162019 554321029 1
9162035 9162055 0
9162102 9162113 8
9162056 9162087 2
9162019 9162022 6
9162071 9162021 1
9162126 784358748 0
9162102 9162035 6
9162064 9162042 9
9162035 784358748 33
9162084 9162071 2
9162126 9162028 1
9162027 9162090 0
9162034 554321029 3
9162027 9162049 1
9162043 9162025 0
9162047 9162032 2
9162025 783095006 7
9162131 586888382 0
9162131 9162077 2
9162071 9162085 2
9162028 9162016 1
9162055 9162159 6
9162110 9162087 0
9162110 9162055 2
9162001 9162077 3
9162065 9162028 1
9162004 9162087 8
9162085 9162001 0
9162016 9162035 1
9162037 9162068 3
9162059 9162027 1
9162038 9162035 2
9162122 9162037 1
9162016 9162126 0
9162025 9162110 11
9162131 9162037 2
9162056 9162026 2
9162010 9162126 69
9162126 9162009 4
9162027 9162122 0
9162131 9162032 0
9162032 9162090 4
9162027 819400248 0
9162016 9162131 5
9162064 784358748 3
9162090 9162012 5
9162022 9162056 6
9162159 9162043 4
9162093 9184003 5
9162037 586900421 7
9162007 9162030 0
9162054 9184018 4
9162009 9162131 0
9162084 52814612 2
9162093 783176708 5
9162030 9162084 6
9162058 9162024 0
9162093 9162115 5
9162113 9162054 11
9162065 9162042 3
586888382 819400248 0
9162054 9162010 3
9162049 9162042 0
9162049 9162007 0
9162122 9162019 4
9162122 9162126 0
9162059 9162087 2
9162056 9162084 3
9162001 9162047 8
9162066 9162079 4
9162115 9162027 0
9162054 9162058 4
9162126 9162042 4
9162040 9162107 5
9162160 9162024 9
9162126 819400248 0
9162102 9162026 29
9162126 554321029 3
9162065 9162068 1
9162056 9162131 1
9162043 9162047 1
9162064 9162131 0
9162099 9162079 1
9162022 9162037 3
9162087 9162160 2
9162064 9162085 0
9162113 9162034 6
9162034 9162122 1
9162066 586900421 7
9162066 9162034 1
9162012 9162025 7
9162087 9162049 1
9162131 9162102 0
9162032 9162107 1
9162007 9162093 0
9162093 9162024 6
9162054 784358748 8
9162034 9162065 2
9162110 9162027 0
9162110 9162079 6
9162054 9162047 1
9162028 9162047 2
9162081 586900421 4
9162107 9162077 9
9162004 9162107 2
9162068 9162022 0
9162034 9162009 4
9162066 9162090 1
9162007 9162040 9
9162032 586888382 12
9162007 9162049 4
9162054 9162040 1
9162059 9184005 1
9162004 9162016 31
9162122 9162066 10
9162042 774028738 9
9162034 9162040 1
9162026 9162159 6
9162110 9162077 0
9162099 9162131 0
9162107 9162087 1
9162049 819400248 0
9162093 9162099 5
9162079 9162027 0
9162043 554321029 2
9162019 9162054 2
9162158 9162049 8
9162110 9162059 5
9162025 9162007 3
9162131 9184003 0
9162065 9162043 0
9162090 9162056 1
9162032 9162021 3
9162160 9162055 5
9162102 9162055 3
9162159 9162016 4
9162107 9162126 2
9162038 9162026 7
9162064 9162160 1
9162087 9162158 4
9162001 9162107 1
9162047 9162079 3
9162059 9162034 2
9162056 9162077 3
9162077 9162087 3
9162038 9162131 1
9162028 9162010 3
9162160 9162034 8
9162007 9162022 0
9162009 774028738 0
9162090 9162010 4
9162107 9162090 7
9162058 9162087 0
9162027 9162012 0
9162062 554321029 1
9162093 9162055 4
9162071 9184024 2
9162019 9162028 1
9162027 9162087 1
9162071 9162056 2
9162159 9162093 0
9162064 554321029 1
9162028 9162035 5
9162160 9162028 7
9162007 554321029 0
9162032 9184024 1
9162047 9162077 1
9162019 9184024 2
9162019 9162001 0
9162071 9162122 2
9162107 819400248 3
9162081 52814612 1
9162059 9162066 9
9162058 9162028 0
9162085 9162016 14
9162084 9162159 3
9162042 554321029 1
9162047 9162007 3
9162040 9162024 12
9162062 9162016 5
9162028 9162158 9
9162110 9162122 2
9162090 9184003 2
9162122 9162068 5
9162035 9162065 5
9162065 9162126 2
9162009 9162032 1
9162004 9162054 0
9162019 9162035 1
9162027 9162010 1
9162012 9162159 7
9162047 9162001 1
9162034 9162012 3
9162102 9162022 2
9162131 9162059 6
9162001 554321029 8
9162099 9162077 6
9162065 9162131 0
9162122 9162102 4
9162102 9162019 2
9162090 9162042 3
9162090 9162032 0
9162058 9162034 4
9162047 9162034 4
9162058 9162131 1
9162062 9162110 11
9162028 9162054 0
9162047 9162158 4
9162122 9162021 3
9162085 9162081 0
9162068 9162066 4
9162007 9162087 2
9162028 9162021 2
9162126 9162090 0
9162027 9162077 2
9162160 9162049 5
9162049 9184005 0
9162025 9162131 1
9162025 9162065 5
9162038 9162122 5
9162107 9162032 0
9162035 9162068 4
9162001 9162027 0
9162115 9162087 5
9162038 9162025 2
9162026 9162090 5
9162035 9162012 9
9162016 554321029 3
9162047 554321029 2
9162077 9162099 3
9162126 9162079 4
9162001 9162019 2
9162009 9162054 4
9162047 9162064 1
9162068 586900421 2
9162038 9162059 0
9162066 9162087 5
9162022 554321029 5
9162102 9162065 3
9162010 9162034 15
9162071 9162102 4
9162027 784358748 0
9162055 9162059 3
9162085 9184003 2
9162037 9162110 3
9162099 9162040 8
9162064 9162103 5
9162016 9162043 10
9162110 9162126 0
9162058 9162158 3
9162113 9162065 3
9162026 9184003 0
9162107 9184005 0
9162065 9184003 1
9162079 9162081 5
9162079 9162131 0
9162049 52814612 7
9162055 9162122 2
9162085 9162032 3
9162034 9162102 3
9162087 9162059 0
9162160 9162047 0
9162026 586900421 8
9162040 9184024 6
9162058 9162059 4
9162043 9162009 4
9162085 9162007 5
9162071 9162024 4
9162081 9162054 0
9162019 9162079 4
9162043 9162107 3
9162107 9162085 1
9162110 9162084 3
9162084 9162027 0
9162042 9162093 1
9162038 9162093 1
9162099 9162019 3
9162077 9162085 1
9162079 9162021 4
9162027 9162007 0
9162025 9162071 2
9162081 9162058 1
9162062 9162159 5
9162054 9162119 1
9162028 9162032 2
9162054 9162028 0
9162103 9162126 2
9162007 9162102 5
9162122 9162027 1
9162077 9162056 2
9162107 9162058 7
9162085 9162025 2
9162090 9162016 3
9162159 9162028 3
9162012 9162065 6
9162055 9162065 3
9162064 9162058 0
9162064 774028738 4
9162122 783176672 0
9162049 9162038 3
9162056 9162071 5
9162079 9162040 0
9162025 9162159 5
9162010 9162032 0
9162027 783095006 1
9162102 9162028 3
9162087 9162021 2
9162062 9162032 0
9162093 819400248 11
9162093 9162062 5
9162034 9162087 0
9162085 9162022 2
9162027 9162058 0
9162077 9162068 7
9162035 9162077 4
9162159 9162085 5
9162054 9162113 7
9162054 9162107 2
9162090 9162030 0
9162102 9162016 3
9162034 9162016 0
9162042 9162034 0
9162022 9162032 5
9162010 9162021 10
9162126 9162068 1
9162037 9162122 0
9162027 554321029 2
9162058 9162001 3
9162085 9162030 2
9162049 9162026 1
9162103 9162158 24
9162079 9162084 3
9162049 9162081 0
9162037 9162025 0
9162085 9162040 1
9162085 9162077 6
9162043 9162028 4
9162040 9162027 0
9162035 9162049 2
9162055 9162077 5
9162043 9162071 3
9162126 9162024 0
9162055 9184003 1
9162068 9162093 0
9162009 9162126 27
9162159 9162068 2
9162037 9162099 0
9162058 9162099 2
9162064 9162115 5
9162019 9162085 2
9162084 9162062 2
9162042 9162028 2
9162093 9162068 4
9162065 9162058 4
9162131 9184018 0
9162028 9184003 3
9162065 9162099 0
9162037 9184005 0
9162093 9162043 4
9162049 9162066 0
9162087 9162028 3
9162035 9162059 7
9162064 9162047 0
9162064 9162019 4
9162077 784358748 0
9162085 9162099 0
9162012 9162093 0
9162087 9162110 3
9162071 9162047 0
9162062 9162065 0
9162077 9162107 0
9162056 9162158 7
9162126 9162040 0
9162087 9162010 3
9162058 9162026 9
9162054 9162062 2
9162071 9162084 0
9162062 9162027 0
9162043 9162081 1
9162009 9162065 8
9162087 9162159 0
9162034 9184024 1
9162019 9162126 2
9162035 554321029 2
9162049 9184003 2
9162056 554321029 5
9162087 9162081 0
9162160 9184018 16
9162065 774028738 0
9162055 9162001 6
9162090 9162049 0
9162042 9162027 1
9162084 9162034 3
9162065 9162010 30
9162019 9162030 2
9162007 9184018 2
9162079 9162001 2
9162037 784358748 3
9162085 9162024 11
9162159 9162062 6
9162007 9162035 2
9162058 9162090 1
9162159 9162126 3
9162022 9162126 13
9162007 9162107 10
9162025 9162035 1
9162055 9162030 2
9162026 9162107 7
9162007 9162090 1
9162131 9162090 0
9162047 9184005 0
9162056 9162001 5
9162068 9162085 4
9162068 9162056 2
9162122 9162055 12
9162062 9162035 3
9162087 9162030 6
9162026 9162032 5
9162065 554321029 3
9162004 9162077 6
9162090 9162021 2
9162081 819400248 5
9162038 9162055 0
9162107 9162001 0
9162007 52814612 5
9162037 9162028 0
9162126 9162081 2
9162103 9184003 0
9162084 9162049 1
9162025 9162055 5
9162093 9162159 3
9162037 9184003 2
9162090 9162107 0
9162065 586900421 2
9162054 9162068 1
9162004 9162021 3
9162016 9162032 1
9162058 9162085 6
9162059 9162022 3
9162012 9162054 1
9162160 9162032 3
9162021 9162102 9
9162037 783176708 4
9162110 9162131 0
9162084 9162126 0
9162049 9162158 3
9162103 9162047 5
9162107 9162115 5
9162010 9162093 1
9162085 9162049 1
9162087 9162043 0
9162113 9162085 2
9162028 9162009 2
9162113 9162022 2
9162021 9162081 0
9162055 9184018 0
9162087 9162019 3
9162037 9184018 8
9162087 586900421 6
9162047 9162055 2
9162131 9162119 2
9162122 9184003 5
9162084 9162122 1
9162077 9184003 1
9162056 9162025 2
9162068 9162062 0
9162028 9162058 3
783176672 9184005 11
783176672 9162032 7
52814612 9162035 3
586888382 9162126 1
586888382 9162054 0
586888382 9162119 5
586888382 554321029 0
586888382 783176708 4
554321029 9162019 4
554321029 9162131 4
554321029 9162035 7
819400248 9184024 4
819400248 52814612 38
819400248 9162032 5
784358748 9184005 0
784358748 9162081 1
784358748 9162077 145
784358748 9162030 0
784358748 9162028 0
783176672 9162093 3
783176672 9162027 7
774028738 9162065 11
9162119 784358748 3
9162119 9162090 6
9162119 9162054 4
9184003 783176708 44
9184003 9162119 1
9184003 9162059 52
9184003 9162038 12
9184003 9162081 1
9184003 9162084 7
9184003 9162062 5
9184003 9162090 23
9184003 9162004 76
9184003 9162115 78
9184005 9162102 6
9184005 9162055 4
9184005 9162024 5
9162024 9162062 4
9162024 9162030 5
9162030 783176672 29
9162119 9162024 42
9162030 9162010 2
9162030 9162062 2
9162030 586888382 8
9162119 9162065 5
9162030 9162056 1
9162030 9162049 0
9162030 9162093 4
9184005 9162042 7
9184005 9162065 8
9184005 9162027 9
9184005 9162159 1
9184005 9162049 2
783176708 9162093 3
774028738 9184003 6
9162081 9162024 6
9162081 9162126 6
9184018 9162001 0
9162081 9162001 6
9162081 9162066 0
9184005 9184003 2
9184003 9162131 7
9184003 9162064 8
9184003 9162027 0
9184003 9162040 9
9184003 9162085 0
9184003 9162030 2
9184003 9162022 8
9162024 9162107 2
9162024 9162090 9
9162024 9162032 1
9184005 9162064 9
9184005 9162158 2
9184024 9162032 2
9184024 9162059 6
9184024 9162102 6
9184024 586900421 9
9184024 9162085 2
9184024 9162001 13
9184024 9162071 10
9184024 783176708 2
9184024 9162064 3
9184024 819400248 0
9184024 9162107 3
9184024 586888382 3
9162081 9162010 9
9184018 9162107 3
9162081 9162035 5
9162081 9162059 0
9162081 9162007 0
9162081 9162037 13
9162081 9162055 2
9162115 9162043 5
9162115 9162001 8
9162068 9162037 4
9162115 9162042 15
9162115 784358748 51
9162115 9162159 1
9162115 9162007 1
9162115 9162056 0
9162115 9162024 13
9162115 9162084 24
9162115 9162025 5
9162115 9162099 5
9184018 9162022 4
9184018 9162055 3
819400248 9162131 50
819400248 9162022 0
819400248 9184003 60
819400248 9162026 18
819400248 9162027 1
554321029 9162055 4
554321029 9162054 13
554321029 9162040 15
586900421 9162028 19
784358748 554321029 16
9162065 9162038 2
9162056 9162058 0
9162047 9162066 4
9162021 9162064 9
9162126 9162085 3
9162037 9162064 7
9162054 9162064 2
9162058 9162062 0
9162032 9162030 10
9162038 9162047 2
9162090 9162047 1
9162009 9162030 4
9162077 9162110 0
9162007 9162062 3
9162077 9162021 2
9162032 9162054 0
9162032 9162016 3
9162049 9162030 2
9162071 9162019 1
9162103 9162093 2
9162021 9162032 1
9162065 9162037 5
9162010 9162102 5
9162059 9162055 2
9162062 9162037 10
9162024 9162056 0
9162035 9162081 1
9162035 9162032 1
9162042 9162025 3
9162065 9162035 0
9162054 9162025 0
9162062 9162107 0
586888382 9184024 0
9184005 9162001 3
783095006 9162131 6
9184024 9162019 5
586900421 9162035 4
9162037 9162059 0
9162010 9162030 0
9162037 9162024 1
9162028 9162007 4
9162028 9162084 3
9162038 9162009 0
9162025 9162001 3
9162059 9162056 0
9162028 9162107 0
9162064 9162043 0
9162066 9162084 0
9162084 9162009 6
9162102 9162021 2
9162093 9162131 3
9162093 9162001 0
9162004 9162099 2
9162056 9162027 0
9162093 9162081 0
9162034 9162032 0
9162007 9162058 2
9162122 9162131 0
9162028 9162102 2
9162004 9162030 13
52814612 9184005 3
9162119 9162042 11
9184024 9162035 1
9162043 9162021 2
9162007 9162064 4
9162040 9162126 2
9162071 9162062 8
9162102 9162131 1
9162090 9162159 4
9162131 9162016 0
9162066 9162043 1
9162126 9162062 2
586888382 52814612 0
9162102 9162025 14
9162016 9162025 5
9162131 9162047 0
9162019 9162055 0
9162159 9184024 1
9162001 9162085 1
9162066 9162022 3
9162027 9162084 3
9162028 9162042 3
9162058 9184018 1
9162066 9162019 2
9162066 9162028 0
9162034 9184005 0
9162064 9162119 2
9162056 9162032 0
9162025 9162107 0
9162010 9162090 0
9162065 784358748 0
9162028 9162103 2
9162009 9162071 1
9162064 9162028 2
9162026 783176672 16
783176708 9162032 32
9162049 554321029 2
9162126 9162030 3
9162102 9162032 1
9162042 9162065 4
9162030 9184003 3
9162026 9162035 9
9162009 9162084 14
9162042 9184024 1
9162087 9162093 0
9162049 9162126 0
9162010 9162131 2
9162028 9162001 0
9162042 9162035 0
9162038 9162107 3
9162009 9162081 0
9162126 9162099 0
9184003 9162068 0
9162159 9162054 1
9162119 9162001 2
9162062 9162126 1
9162037 9162016 0
9162034 9162047 2
9162035 9162058 5
9162126 9184005 1
9162103 9162032 0
9162004 586900421 4
9162007 9162059 4
9162001 9162024 5
9162131 9162042 3
9162038 9162032 1
9184005 586888382 3
9162055 9162047 4
9162010 9162077 47
9162034 9162090 0
9162047 9162113 3
9162107 9162071 1
9162001 9162071 5
9162115 9162010 33
9162087 9162119 1
9162012 9162030 0
9162034 9162021 0
9162037 9162021 0
9162103 9162022 2
9162107 9162122 1
9162090 9162024 7
9162034 9162019 2
783176672 9162030 13
9162012 9162007 27
9162099 9162026 6
586888382 9162025 1
784358748 9162066 9
9162016 9162058 42
9162024 9162038 4
9162010 9162119 15
9162038 783176708 8
9162032 9162028 7
9162012 9162022 10
783176708 9162027 18
783176708 9162054 19
586900421 9162126 35
9184003 9162087 25
9162054 9162009 55
9162030 9162043 8
9162032 9162077 8
9162009 9162024 11
9184024 9162042 2
9162054 9162024 9
9162068 819400248 18
9162103 9162062 7
9162084 9162064 8
554321029 9162043 16
9162107 9162099 8
9162035 9162001 8
9162026 9162021 0
9162115 9162028 13
9162009 9184003 8
9162012 9162066 18
586900421 9162131 54
586900421 9162030 17
9184018 9162054 7
9162043 9162007 6
9162062 9162028 7
9162004 9162049 4
9162043 9162102 7
9162010 9162001 34
9162019 9162016 7
9162113 554321029 7
9162032 9162110 7
9162090 9162077 7
9162028 9162012 8
9162065 9162115 39
9162119 9162099 48
9162077 819400248 10
9162084 9162001 2
9162030 9162007 4
554321029 9162090 7
783095006 9162055 25
9184005 9162040 40
9162037 9162047 6
9162066 9162047 1
9162025 9162016 5
9162059 9162079 5
9162107 9162034 0
9162025 819400248 5
9162087 9162007 5
9162115 9162055 3
9162007 784358748 8
9162028 9162066 6
9162126 9162037 6
9162085 9162059 7
9162047 9162115 6
9162028 9162110 6
9162077 9162032 6
9162004 9162065 11
9162081 9162065 3
9162079 9162024 6
9162066 9162040 2
9162085 9162058 6
9162027 9162115 6
9162038 9162010 6
9162087 9162016 6
9162119 783176672 17
9162099 9162030 12
9162042 9162090 6
9162085 9162019 6
9162119 9162107 17
784358748 9162034 71
586900421 554321029 16
9184003 9162126 10
9184003 9162034 31
9162027 9162160 1
9162103 9162016 5
9162038 784358748 5
9162077 9162037 5
9162079 9184003 5
9162022 9162068 0
9162084 9162007 0
9162110 9162071 3
9162030 9162021 3
9162093 9162030 28
9162107 783176708 5
9162035 9162022 5
9162099 819400248 5
9162065 9162055 5
9162001 9162049 5
9162107 9184003 4
9162009 9162090 25
9162062 9162093 5
9162087 9162084 1
9162062 9162081 1
9162055 9162042 5
9162113 9162122 3
9162025 9162099 8
9162160 9162058 5
9162160 554321029 0
9162103 9162099 5
9162047 9162022 5
9162056 9162021 5
9162062 9162049 4
9162065 9162107 5
9162043 9162122 2
9162037 9162158 3
9162068 554321029 4
9162059 9162049 6
9162043 9162062 4
9162022 9162077 4
9162085 9162079 5
9162056 9162107 5
9162102 9162079 5
554321029 9162007 2
9162119 9162012 11
9184003 9162065 24
9162024 9162066 4
9184018 9162093 5
9184024 9162043 5
9184024 9162016 6
9162066 9162119 0
9162034 9162064 3
9162047 9162084 4
9162110 9162099 6
9162028 9162087 3
9162043 9184003 2
9162025 9162027 4
9162037 9162160 0
9162035 9162087 4
9162093 9162012 2
9162056 9162079 3
9162007 9162085 6
9162110 9162025 4
9162034 9162030 4
9162079 9162022 7
9162102 9162090 4
9162026 819400248 2
9162009 9162093 390
9162160 9162030 4
9162025 9162022 2
9162034 9162062 4
9162055 9162115 4
9162122 9162007 4
9162022 9162055 4
9162110 554321029 4
9162087 9162042 4
9162079 9162058 0
9162077 9162047 2
9162001 9162131 4
9162030 9162087 8
9162040 9162025 3
9162030 9162055 271
9162099 9162021 4
9162081 9162107 1
9162056 9162054 0
9162059 554321029 5
9162110 9162043 4
9162103 9162081 6
9162035 9162099 0
9162004 9162032 2
9162102 9162085 6
9162113 9162024 11
9162090 9162062 4
9162085 9162054 4
9162071 9162087 4
9162027 9162038 2
9162047 9184024 4
9162021 9162131 3
9162119 9162027 7
586888382 9162032 5
586888382 9162093 0
783176708 819400248 4
784358748 9162068 139
9162119 9162126 1
9184005 9162103 13
9184005 9162099 3
9184003 9162079 0
9184024 783176672 44
9184024 9162007 14
9184024 9162040 4
9184018 9162087 4
9162087 9162099 3
9162038 9162062 3
9162090 9162038 3
9162064 9162007 3
9162064 9162025 3
9162099 9162065 2
9162087 9162077 0
9162032 9162001 0
9162077 52814612 0
9162022 9162087 3
9162090 9162028 3
9162159 9162087 3
9162047 9162131 3
9162068 9162007 3
9162085 9162043 3
9162047 9162087 3
9162081 9162047 3
9162160 9162090 3
9162022 9162079 9
9162090 9162058 3
9162065 9162059 3
9162034 9162055 1
9162110 9162090 3
9162131 9162071 3
9162064 9162077 0
9162068 9162081 2
9162054 9162110 2
9162131 9162024 3
9162056 9162126 3
9162064 9162016 3
9162037 9162071 3
9162093 9162028 3
9162004 774028738 3
9162065 9162001 2
9162085 9162055 3
9162099 9162110 3
586888382 774028738 43
9162049 9162064 3
9162064 9162079 3
9162079 9162049 0
9162087 9162038 3
9162102 9162058 4
9162007 586900421 3
9162004 9162126 3
9162028 9162022 3
9162047 9162160 3
9162037 9162090 3
9162049 9162024 3
9162126 9162077 3
9162090 9162064 3
9162093 9162065 4
9162009 9184005 3
9162071 9162090 3
9162158 9162081 3
9162055 9162107 9
9162064 9184003 3
9162027 9162026 3
9162040 9162056 3
9162038 554321029 3
9162160 9162081 0
9162102 9162126 1
9162099 9162084 2
9162034 9162027 2
9162058 9162122 3
9162058 9184024 0
9162037 9184024 3
9162007 9162024 7
9162122 9162093 3
9162131 9162026 3
9162068 9162077 3
9162012 9162131 3
9162077 9162065 3
783095006 9162054 0
9162119 9162056 0
52814612 554321029 3
9162119 9162022 3
9184005 9162010 9
9184005 586900421 31
52814612 9162027 9
9184024 9162056 2
9184024 9162058 5
9184024 9162126 3
9184024 9184003 8
783176672 9162054 21
9162004 9162027 4
9162024 9162049 2
9162047 9162026 2
9162160 9162022 2
9162027 9162068 1
9162081 9162099 2
9162159 9162084 2
9162019 9162062 2
9162158 9162131 2
9162012 9162084 2
9162022 9162054 2
9162022 9162035 6
9162087 9162024 2
9162064 9162035 2
9162037 774028738 2
9162056 9162059 2
9162042 9162056 2
9162007 9162028 2
9162035 9162016 2
9162058 9162055 2
9162087 9162066 2
9162084 9162068 2
9162055 52814612 2
9162126 9162054 2
9162077 9162055 2
9162131 9162021 2
9162038 9162001 2
9162058 9162035 2
9162131 9162038 2
9162025 9162028 2
9162027 9162059 2
9162107 774028738 2
9162102 9162084 2
9162027 9162062 2
9162071 9184005 2
9162059 9162032 0
9162055 9162024 2
9162038 9162159 2
9162012 9162035 0
9162160 9162131 2
9162084 9162047 2
9162126 9162010 4
9162055 9162066 2
9162043 9162126 2
9162037 9162093 2
9162099 9162032 3
9162115 9162054 2
9162126 9162110 2
9162099 9162001 2
9162090 784358748 2
9162099 9162028 1
9162122 9162047 2
9162131 9162035 2
9162027 9162071 2
9162126 783176672 14
9162007 9162034 2
9162055 9162110 1
9162034 9162159 1
9162007 9162047 2
9162049 9162055 2
9162065 9184005 3
9162085 9162131 2
9162032 9162022 2
9162004 9184003 2
9162107 9162084 2
9162054 9184003 2
9162066 9184024 2
9162027 9162103 0
9162113 9162027 2
9162131 9162064 2
9162026 9162056 2
9162126 9162049 2
9162001 9184003 2
9162035 9162028 2
9162022 9162027 0
9162159 9162032 2
9162126 9162021 2
9162071 9162107 2
9162043 9162065 2
9162059 9162126 2
9162047 9162099 2
9162027 9162028 2
9162064 9162084 2
9162056 9184024 2
9162035 9162043 2
9162115 9162131 2
9162066 9162007 2
9162047 9162025 2
9162131 9162066 2
9162055 9162022 2
9162026 9162054 2
9162034 9162093 2
9162009 9162028 2
9162090 9162065 2
9162021 9184024 2
9162158 9184005 2
9162110 9162001 2
9162160 9184005 1
9162131 9162087 2
9162110 9162035 2
9162159 9162081 2
9162065 9184024 2
9162007 9162025 1
9162107 554321029 2
9162077 9162090 2
9162084 9184003 2
9162110 9162032 2
9162043 586900421 2
9162054 9162001 2
9162077 9162001 2
9162049 9184018 2
9162102 9162093 8
9162084 9162030 3
9162081 9162102 2
9162084 9162010 9
9162093 9162022 2
9162160 9162110 2
586888382 9162131 2
9184003 9162093 2
9184005 784358748 11
9184005 783176672 2
9184005 9162056 2
9184005 9162012 2
9162024 9162035 5
9162030 9162001 2
9184005 9162022 2
783095006 554321029 2
9184005 9162084 2
9184024 9162022 3
9184024 9162087 2
9162115 9162126 2
9162066 9162056 2
9162066 9162126 2
9162126 9184024 1
9162055 554321029 0
9162058 9162093 1
9162055 9162068 1
9162034 9162085 1
9162102 9184005 1
9162055 9162034 4
9162122 9162043 1
9162043 9184005 1
9162065 9162026 1
9162087 9162056 1
9162047 9162090 1
9162056 9162055 1
9162131 9184005 3
9162103 554321029 1
9162010 9162035 44
9162026 9162027 1
9162059 9162093 2
9162131 783176672 1
9162066 9162160 1
9162043 9162058 1
9162016 9184005 1
9162093 9184005 14
9162007 9162084 0
9162160 9162126 1
9162028 9162025 1
9162027 9162102 1
9162064 9162001 1
9162037 9162085 1
9162042 9162049 0
9162054 9184005 1
9162126 9162022 1
9162066 9162068 1
9162065 9162090 1
9162021 9184005 1
9162027 9162035 1
9162047 9162093 1
9162027 9162054 1
9162038 9162126 3
9162038 9162085 1
9162027 586900421 1
9162065 9162016 1
9162037 9162084 1
9162087 9162055 1
9162071 9162016 1
9162027 52814612 0
9162037 9162058 1
9162131 9162084 1
9162107 9162035 15
9162042 9162055 1
9162065 9162066 1
9162090 9162035 1
9162126 9162027 1
9162158 9162027 0
9162049 9162025 1
9162065 9162084 1
9162110 9162058 1
9162126 9162093 1
9162087 9162090 1
9162027 9162019 1
9162160 9162087 5
9162066 9162054 1
9162049 9162071 1
9162054 9162159 1
9162107 9162093 1
9162021 9162027 1
9162007 9162026 1
9162131 9162012 7
9162043 9162056 1
9162012 9162081 1
9162001 9162022 1
9162022 9184024 5
9162049 9162032 1
9162047 9162049 1
9162049 9162058 0
9162059 9162064 1
9162055 9162084 1
9162038 9162068 1
9162068 9184005 2
9162064 9162054 1
9162064 9162099 1
9162035 9184003 10
9162049 9162107 1
9162102 9162062 1
9162065 9162032 3
9162054 9162034 1
9162131 9162159 1
9162058 9162084 1
9162131 9162043 1
9162131 9162107 0
9162055 9162035 1
9162084 9162055 1
9162068 9162043 1
9162054 9162043 1
9162032 9162019 1
9162028 9162068 0
9162055 9162043 1
9162034 9184003 3
9162085 9162027 1
9162038 9162064 1
9162059 9162081 1
9162160 9162085 1
9162028 9184005 1
9162040 9162055 1
9162093 9162090 1
9162084 9162025 1
9162027 9162037 0
9162027 9162110 1
9162040 9162131 2
9162059 9162035 1
9162055 9162032 2
9162035 9162093 1
9162049 9162122 1
9162066 9162058 2
9162059 9184024 1
9162038 9184024 1
9162027 9162099 1
9162034 9162068 1
9162055 9162090 1
9162064 9184024 1
9162087 554321029 0
9162027 9162056 0
9162025 9184005 1
9162131 9162001 3
9162037 9162049 3
9162025 9162126 1
9162160 9162025 1
9162010 9162027 13
9162065 9162056 1
9162077 9162081 1
9162107 9162025 0
9162087 9184018 1
9162084 9162131 1
783176672 9162081 1
586888382 9184005 1
819400248 9162093 1
784358748 9162027 2
586900421 9184005 22
9184003 9162055 0
9184003 9184005 1
9184005 9162107 1
9184005 9162131 0
783095006 9162093 1
9184003 9162032 8
9184005 9162021 1
9184024 9162131 1
9162081 9162090 0
9162027 9184024 1
9162034 819400248 1
9162160 9162043 1
9162004 9162093 1
9162131 9162068 1
9162007 9162043 1
9162058 9162021 1
9162110 9162093 1
9162043 9162038 1
9162131 9162099 2
9162010 9162081 2
9162004 9162081 0
9162034 9162099 1
9162087 9162022 1
9162066 9162065 1
9162066 9162081 3
9162016 9162027 1
9162034 9162025 0
9162007 9184003 0
9162087 9162079 0
9162160 9162054 0
9162038 9162054 0
9162077 9162093 0
9162049 9162034 0
9162028 9162131 0
9162038 9184005 0
9162087 9162054 0
9162122 9162054 0
9162064 9162059 0
9162087 9162037 0
9162062 9162066 0
9162055 9162028 0
9162027 9162055 0
9162055 9184005 0
9162093 9162025 0
9162131 9162110 0
9162066 9162027 0
9162084 9162032 0
9162049 9162102 0
9162122 9162025 0
9162102 9184024 0
9162131 9162126 0
9162026 9162131 0
9162038 9162160 0
9162049 9162160 0
9162010 783095006 0
9162025 9162090 0
9162027 9162085 0
9162049 9162159 0
9162054 9184024 0
9162107 9162102 0
9162049 9162027 0
9162054 9162090 0
9162090 9162160 0
9162054 9162085 0
9162040 9162081 0
9162043 9162085 0
9162058 9184005 0
9162027 9162107 0
9162064 9162093 0
9162090 9162054 0
9162049 9162093 0
9162049 9162068 0
9162077 9162027 0
9162034 9162081 0
9162160 9162027 0
9162055 9162007 0
9162054 9162087 0
9162055 9162081 0
9162090 9162131 0
9162001 9162054 0
9162099 9162054 0
9162084 9162090 0
9162035 9162107 0
9162047 9162081 0
9162126 9184003 0
9162107 9184024 0
9162049 9162079 0
9162107 9162054 0
9162054 9162049 0
9162007 9184024 0
9162043 9162131 0
9162099 9162027 0
9162027 9162093 0
9162047 9184003 0
9162077 9162054 0
9162054 9162035 0
9162058 9162022 0
9162107 9162027 0
9162131 774028738 0
9162001 9184005 0
9162085 9162084 0
9162007 9162032 0
9162055 9162062 0
9162043 9162160 0
9162131 9162065 0
9162093 554321029 0
9162064 9162062 0
9162126 9162032 0
9162099 9184005 0
9162028 9162056 0
9162007 9184005 0
9162126 9162025 0
9162126 9162035 0
9162035 9162131 0
9162159 9184005 0
9162085 9184005 0
9162054 9162131 0
9162055 9162079 0
9162019 9162027 0
9162126 9162043 0
9162087 9162058 0
9162090 9162084 0
9162131 783176708 0
9162066 9162055 0
9162047 9162110 0
9162093 9162054 0
9162049 9162028 0
9162054 9162084 0
9162004 9184005 0
9162058 9162032 0
9162084 9162085 0
9162126 9162055 0
9162040 554321029 0
9162043 9162090 0
9162042 9184005 0
9162022 9184005 0
9162030 9162131 0
9162054 554321029 0
9162065 9162081 0
9162012 783095006 0
9162064 9162027 0
9162113 9162028 0
586888382 9162030 0
9184003 9184024 0
9184005 9162054 0
819400248 586888382 0
9184024 9162054 0
9162093 9162084 0
9162019 9162093 0
9162110 9162047 0
9162034 9162001 0
9162049 9162099 0
9162085 9162035 0
9162049 9162090 0
9162055 9162025 0
9162103 9162027 0
9162025 9162054 0
9162056 9162081 0
9162024 9162081 0
9162027 9162047 0
9162001 9162093 0
9162027 9162065 0
9162034 9162010 0
9162126 9162084 0
9162049 9162084 0
9162043 9162032 0
9162062 9184005 0
9162065 9162022 0
9162131 9162056 0
9162027 9162025 0
9162085 9162090 0
9162085 9162122 0
9162054 9162032 0
9184003 783095006 0
9162038 9162043 0
9162087 9162126 0
9162066 9162093 0
9162066 9162064 0
9162131 9162062 0
9162064 9162087 0
9162007 9162019 0
9162066 9162032 0
9162007 9162081 0
9162047 9162056 0
9162009 9162027 0
9162159 9162099 0
9162065 9162093 0
9162103 9162131 0
9162004 9184024 0
9162131 9162025 0
9162012 9162027 0
9162049 9162062 0
9162038 9162022 0
9162038 9162027 0
9162012 9184005 0
9162037 9162062 0
9162113 9184005 0
9162034 783176672 0
9162028 9162093 0
9162062 9184024 0
9162103 9162090 0
9162040 9162085 0
9162103 9162054 0
9162090 9162043 0
9162001 9162028 0
9162066 9162062 0
9162064 9162038 0
9162054 9162056 0
9184005 9162058 0
9162037 9162081 0
9162034 9162084 0
9162010 9162054 0
9162131 9162058 0
9162065 9162062 0
9162043 9162054 0
9162071 9162093 0
9162065 9162087 0
9162090 9162085 0
9162037 9162056 0
9162012 554321029 0
9162064 9162022 0
9162160 9162093 0
9162079 9162054 0
9162126 9162122 0
9162131 9162007 0
9162102 9162027 0
9162087 9162032 0
9162066 9162131 0
9162049 9162110 0
9162084 9162056 0
9162087 9162035 0
9162099 9162081 0
9162087 9162062 0
9162087 9162025 0
9162027 9162021 0
9162038 9162081 0
9162102 9162054 0
9162047 9162054 0
9162037 9162054 0
9162058 9162027 0
9162056 9184005 0
9162064 9162056 0
9162027 9162081 0
9162087 9162131 0
9162027 9162001 0
9162049 9162021 0
9162042 9162131 0
9162012 9184024 0
9162131 9162085 0
9162019 9184005 0
9162126 9162131 0
9162081 9162022 0
9162090 9162027 0
9162090 9162025 0
9162085 9162126 0
9162087 9162064 0
9162025 9162093 0
9162064 9162030 0
9162035 9162027 0
9162085 9162093 0
9162131 9162113 0
9162027 9162022 0
9162027 9184003 0
9162131 9162049 0
9162058 9162081 0
9162059 9162131 0
9162064 9162090 0
9162049 9162085 0
9162131 9162030 0
9162084 9162081 0
9162090 9162081 0
9162090 9162093 0
9162055 9162093 0
9162027 9162131 0
9162131 9162027 0
819400248 9162081 0
784358748 9162032 0
9184003 9162035 0
9162065 9162064 0
9162049 9162047 0
9162054 9162030 0
9162066 9184005 0
9162019 9162081 0
9162131 554321029 0
9162047 9162027 0
9162055 9184024 0
9162064 9162065 0
9162034 9162131 0
9162007 9162131 0
9162064 9184005 0
9162054 9162093 0
9162049 9162077 0
9162054 9162027 0
9162049 9162056 0
9162071 9162126 0
586888382 9162081 0
9162084 9162093 0
9162131 9162093 0
9162131 9162054 0
9162049 9162022 0
9162049 9184024 0
9162065 9162027 0
9162007 9162027 0
9162049 9162001 0
9162087 9162027 0
9162035 9184005 0
9162131 9184024 0
9162049 9162054 0
9162037 9162131 0
9184003 554321029 0
9162049 9162131 0
9162001 9162081 0
9162090 9162126 0
9162087 9184005 0
9162055 9162027 0
9162007 9162054 0
9162034 9162107 0
9162103 9184005 0
9162159 9162027 0
9162010 9184005 0
9162087 9162065 0
9162055 9162131 0
9162049 774028738 0